787868361698840576	116853613
151133151	116853613
867103221084454912	116853613
832974971202895873	116853613
859485012604964864	116853613
2855864495	116853613
22326665	116853613
866307657967308803	116853613
866251870821433345	116853613
2553424015	116853613
380604933	116853613
4506973215	116853613
3331711659	116853613
861023009678733312	116853613
860997665714294785	116853613
3400408876	116853613
155778619	116853613
803066257796907008	116853613
736207532356575234	116853613
859469861319188480	116853613
856018356008353793	116853613
859149407396253696	116853613
859065987085238272	116853613
859061925757538304	116853613
859059183056031744	116853613
830452188124155904	116853613
857005891383697408	116853613
775204423	116853613
855258800349102080	116853613
821112849690927104	116853613
728064010466275328	116853613
2231838853	116853613
855931922899492868	116853613
838153215745093633	116853613
502180181	116853613
854199712660037632	116853613
853617155841175553	116853613
848320957735456768	116853613
760185715187654660	116853613
779139905817550848	116853613
851575778722500610	116853613
821775950551674883	116853613
816841780792610816	116853613
850688188876115968	116853613
851434495706251264	116853613
814288753846087680	116853613
4401230298	116853613
2265314712	116853613
850753766617825281	116853613
848669532700815360	116853613
802684794261897216	116853613
4352542035	116853613
1955406710	116853613
610229227	116853613
846442892885475333	116853613
846077447951015936	116853613
1468122164	116853613
796536863918059522	116853613
836742546294362113	116853613
1855732825	116853613
840617106777464832	116853613
837265291574796289	116853613
816776149711941632	116853613
837269199659507712	116853613
18825621	116853613
827346943420555264	116853613
269135127	116853613
808442311764045825	116853613
597836691	116853613
832951612855382016	116853613
832402876953665539	116853613
788221665977270272	116853613
832211223575920641	116853613
832093212147843072	116853613
3090190234	116853613
787285807002480640	116853613
769628978562859012	116853613
2377868390	116853613
274757956	116853613
831535561	116853613
755871198014210049	116853613
807802572232757248	116853613
828953023430815744	116853613
2844415343	116853613
783796224847704065	116853613
810306179050127363	116853613
160744517	116853613
247347231	116853613
243456489	116853613
4799299667	116853613
3193713217	116853613
827611353057808384	116853613
1525655718	116853613
403759395	116853613
1872680522	116853613
722555230144098307	116853613
4411805415	116853613
826214900733267968	116853613
805955788975927296	116853613
825796391096184836	116853613
825186461230235654	116853613
825098149408686080	116853613
779836912190234626	116853613
788211860873023488	116853613
415951773	116853613
823633443556884480	116853613
792968712592719872	116853613
820573129831424001	116853613
812453089735098368	116853613
814185291531644928	116853613
821619203165790209	116853613
799424016696168448	116853613
782604620631711744	116853613
822533462947139587	116853613
2564996784	116853613
785815993721483264	116853613
730943485914828801	116853613
803757169053208576	116853613
936126949	116853613
800185693313998849	116853613
3306123708	116853613
4823509341	116853613
735588440	116853613
808560382751207425	116853613
796491668795097088	116853613
1691990058	116853613
804560940997804032	116853613
3277409761	116853613
821465029023301634	116853613
4354686376	116853613
3316941893	116853613
778410067125215232	116853613
3604827976	116853613
488673896	116853613
767059954448601088	116853613
1025047136	116853613
1541515128	116853613
1571148792	116853613
2189856499	116853613
1432424432	116853613
2228558017	116853613
2162265646	116853613
1938764040	116853613
1675927394	116853613
570193285	116853613
482028848	116853613
1593876613	116853613
1491187470	116853613
895753220	116853613
1316347784	116853613
331111016	116853613
396739728	116853613
540857160	116853613
459142812	116853613
1454187968	116853613
1284199154	116853613
1357611853	116853613
813948578	116853613
577079951	116853613
739039213	116853613
419042094	116853613
567494177	116853613
864982176	116853613
983889108	116853613
428839734	116853613
782340169	116853613
826589504	116853613
433679247	116853613
521751503	116853613
1422025376	116853613
1444819710	116853613
1432822062	116853613
1388223913	116853613
445283845	116853613
1217296574	116853613
1372072142	116853613
404110226	116853613
1072280568	116853613
808469815	116853613
557507230	116853613
1399050865	116853613
570866548	116853613
950463192	116853613
1166931127	116853613
1116697387	116853613
487281944	116853613
839846570	116853613
367582515	116853613
798700664	116853613
536382351	116853613
541880069	116853613
623560593	116853613
20295448	116853613
357585934	116853613
508540545	116853613
1428629719	116853613
318846306	116853613
1002461762	116853613
1379927882	116853613
1428598027	116853613
116853613	16234029
116853613	15945351
116853613	564852570
116853613	257436924
116853613	2213119814
116853613	725420835050135552
116853613	3308221490
116853613	136361303
116853613	216201838
116853613	25060424
116853613	732952113987358721
116853613	4895728935
116853613	81940189
116853613	163853386
116853613	2566224189
116853613	84830575
116853613	410409666
116853613	45709328
116853613	467048692
116853613	2273063856
116853613	856583928026734594
116853613	859096799663063041
116853613	817052056125108224
116853613	859109227637477376
116853613	607246095
116853613	740216779171979264
116853613	770325827737096192
116853613	746181967658397698
116853613	768038995783659520
116853613	745902361105817600
116853613	751446650648825856
116853613	787526809524932608
116853613	741712175648104448
116853613	765425718322835456
116853613	730967094976741376
116853613	707038790997508096
116853613	860997665714294785
116853613	843093144799526914
116853613	859407993997283328
116853613	273140676
116853613	777578269680041984
116853613	2696590275
116853613	3331711659
116853613	431243357
116853613	796553276980424705
116853613	832449845461925888
116853613	1100160738
116853613	32959253
116853613	507513358
116853613	606957082
116853613	736207532356575234
116853613	269957097
116853613	25365536
116853613	796308573844283392
116853613	780438428894638081
116853613	2923961128
116853613	1367180522
116853613	830452188124155904
116853613	853617155841175553
116853613	848320957735456768
116853613	502180181
116853613	838153215745093633
116853613	855931922899492868
116853613	4817381198
116853613	831017250584879104
116853613	779139905817550848
116853613	851434495706251264
116853613	850688188876115968
116853613	816841780792610816
116853613	718151060167213058
116853613	821775950551674883
116853613	1921202382
116853613	810333311792975872
116853613	621410130
116853613	814288753846087680
116853613	343918695
116853613	363961928
116853613	1906234147
116853613	310072711
116853613	405728790
116853613	379408088
116853613	85452649
116853613	439125710
116853613	403245020
116853613	403255314
116853613	403246803
116853613	158314798
116853613	209708391
116853613	84279963
116853613	176566242
116853613	27260086
116853613	33597201
116853613	31927467
116853613	20322929
116853613	29756339
116853613	85603854
116853613	116362700
116853613	23690344
116853613	363972381
116853613	28706024
116853613	27195114
116853613	27776098
116853613	79293791
116853613	184910040
116853613	14230524
116853613	259435698
116853613	16409683
116853613	17243213
116853613	209003577
116853613	153694176
116853613	872374136
116853613	52536879
116853613	278662460
116853613	36746176
116853613	2265314712
116853613	821112849690927104
116853613	850753766617825281
116853613	2465344802
116853613	9112712
116853613	2824193369
116853613	16953652
116853613	998288580
116853613	66918684
116853613	521941721
116853613	847057368118673408
116853613	294485766
116853613	197095948
116853613	1227920058
116853613	240447091
116853613	60954521
116853613	119844526
116853613	139727749
116853613	242448965
116853613	60291914
116853613	46485425
116853613	36955143
116853613	191660831
116853613	1721027850
116853613	57205933
116853613	816776149711941632
116853613	1732300393
116853613	1955406710
116853613	283325811
116853613	2534418215
116853613	488627477
116853613	754390030118977537
116853613	4352542035
116853613	391044286
116853613	3150249292
116853613	736674408786432001
116853613	2807903941
116853613	815759396043190272
116853613	48127571
116853613	811327056919269376
116853613	1589507372
116853613	610639738
116853613	1240970269
116853613	356596569
116853613	816251418
116853613	404623779
116853613	255732628
116853613	1872513794
116853613	835582453716779008
116853613	21621886
116853613	846077447951015936
116853613	836742546294362113
116853613	1468122164
116853613	3192246516
116853613	364156911
116853613	2450155100
116853613	747970516837761024
116853613	599026769
116853613	2983411521
116853613	890195108
116853613	779401387419381760
116853613	2237117330
116853613	791101703399542784
116853613	141898396
116853613	1189310892
116853613	2682159223
116853613	734070940733034496
116853613	2682194239
116853613	734210827130048512
116853613	4345817544
116853613	1569142279
116853613	3459970394
116853613	767069202830155776
116853613	3241947500
116853613	2451650372
116853613	3194006527
116853613	3958484009
116853613	2485461236
116853613	2958480612
116853613	1518404538
116853613	3018073343
116853613	1247504971
116853613	738793830871367682
116853613	3225612733
116853613	3384276012
116853613	815676584204128256
