824428460089217024	1177246494
3561940216	1177246494
867246444905988097	1177246494
867230735119384576	1177246494
3315110397	1177246494
858097301700718592	1177246494
839520859639398401	1177246494
855423072656084992	1177246494
866804809306955777	1177246494
865366968060321792	1177246494
859166069440880640	1177246494
3300643649	1177246494
839318758715977728	1177246494
866358387587641344	1177246494
2533135172	1177246494
261015920	1177246494
867186694965133313	1177246494
866005009103826944	1177246494
779407406694621184	1177246494
866301516994543616	1177246494
802276357917044740	1177246494
861935508959768576	1177246494
771523235888369664	1177246494
861636574685122561	1177246494
765348040928555008	1177246494
839524814444507137	1177246494
867139102713544704	1177246494
866314335093755907	1177246494
441741878	1177246494
2294619727	1177246494
749754115987795968	1177246494
295303652	1177246494
865780766566952961	1177246494
864542697062879232	1177246494
864852102673289216	1177246494
862605814967787520	1177246494
830398477154795524	1177246494
861900639168802816	1177246494
860619964746780672	1177246494
821400428944523265	1177246494
865679857862287360	1177246494
862867673516040193	1177246494
864624806368620544	1177246494
866490636484177924	1177246494
857671266031079424	1177246494
866827584599973888	1177246494
4847269642	1177246494
865003550849486848	1177246494
867131640149049344	1177246494
855172141758783488	1177246494
857973033096683521	1177246494
865347026778812416	1177246494
727491639132966912	1177246494
726998423585566721	1177246494
851159511951966208	1177246494
867113487243378689	1177246494
839619885646893056	1177246494
854873484178194432	1177246494
866255184091127808	1177246494
866474610468024320	1177246494
1578552361	1177246494
866391794682130432	1177246494
844489161407127552	1177246494
853577244991729664	1177246494
855561163316264961	1177246494
4188981321	1177246494
711980134358601728	1177246494
740575551115698176	1177246494
865273451053027330	1177246494
744205935145590785	1177246494
866371912745852928	1177246494
468569150	1177246494
862048664193314816	1177246494
130234006	1177246494
835231573905715200	1177246494
753701533519339521	1177246494
843083578279968773	1177246494
777638367731261442	1177246494
866821394344153089	1177246494
860493269784031232	1177246494
2646815432	1177246494
823866843244982272	1177246494
866696312972095488	1177246494
866836207665283072	1177246494
853087705487593472	1177246494
865365743298375680	1177246494
865227700751015937	1177246494
866298829167091712	1177246494
3293666376	1177246494
866773087324340224	1177246494
866482772264747008	1177246494
803239614723084289	1177246494
866672348321153024	1177246494
850283695751798784	1177246494
865650459339444224	1177246494
4050553589	1177246494
3174485855	1177246494
742744995736784896	1177246494
4172203937	1177246494
500722202	1177246494
780787175998709760	1177246494
863453912946405380	1177246494
866884796298997760	1177246494
4002110698	1177246494
821778293716357120	1177246494
2190636889	1177246494
865647800993722368	1177246494
824981840624754688	1177246494
2621241267	1177246494
866168798998663169	1177246494
3503513189	1177246494
865178946924687360	1177246494
790729714755305472	1177246494
841958064194478080	1177246494
865240201626603520	1177246494
832588796453584896	1177246494
73939593	1177246494
847956666402340864	1177246494
803367852745117697	1177246494
4862488475	1177246494
858689696112807936	1177246494
1126622054	1177246494
866059626999140353	1177246494
865583422835761153	1177246494
863837761534664704	1177246494
854455676839526401	1177246494
710986525744484353	1177246494
730018891288743936	1177246494
2612155290	1177246494
856142476247171074	1177246494
856653555943563264	1177246494
857219649905274880	1177246494
866406963948785666	1177246494
818398223626883072	1177246494
863525141166399489	1177246494
779320261573275648	1177246494
862665954907611138	1177246494
862074377990492160	1177246494
846588824981553152	1177246494
838837313102884865	1177246494
866390272678166528	1177246494
860948405853593602	1177246494
838492771350609927	1177246494
726146462602657792	1177246494
865328629282217984	1177246494
866329143813832704	1177246494
852328186348220419	1177246494
3318145179	1177246494
608470581	1177246494
4821753455	1177246494
708814908109033472	1177246494
832749334554816512	1177246494
865796320816234496	1177246494
852693306710642688	1177246494
803288478620549120	1177246494
840041000118714371	1177246494
861222138157686785	1177246494
866209454282428416	1177246494
858330135128403968	1177246494
741647456	1177246494
866878089707626496	1177246494
3241557265	1177246494
736005769343209472	1177246494
82235906	1177246494
854466006533722112	1177246494
865388526296289281	1177246494
865452082723045376	1177246494
865284580928040960	1177246494
860057220112932864	1177246494
866861555069091840	1177246494
2229585933	1177246494
866389947011526657	1177246494
863490198088318976	1177246494
865012060266131456	1177246494
831570991977488384	1177246494
844408766154072064	1177246494
865610220118081536	1177246494
340556425	1177246494
866856535242264576	1177246494
809218805918552065	1177246494
790723684126326785	1177246494
842955501298171904	1177246494
865741081677312000	1177246494
321695698	1177246494
826558584406364162	1177246494
2980219061	1177246494
860263936402358274	1177246494
866670104569950209	1177246494
789626136338849792	1177246494
866486219022241794	1177246494
866822701238898688	1177246494
3397122417	1177246494
3381027873	1177246494
326418545	1177246494
3324949967	1177246494
861759103290486784	1177246494
4343562154	1177246494
855864560481427460	1177246494
4885325589	1177246494
813606980686385153	1177246494
1177246494	3561940216
1177246494	368678083
1177246494	853773931022614528
1177246494	864542697062879232
1177246494	768824835560599552
1177246494	847806632763543552
1177246494	762735624113754112
1177246494	726998423585566721
1177246494	3318079865
1177246494	864155396898000896
1177246494	2872552703
1177246494	773654442482819072
1177246494	725448091852218368
1177246494	1900696376
1177246494	2646815432
1177246494	849987184375586816
1177246494	2621241267
1177246494	3503513189
1177246494	805812059166347266
1177246494	73939593
1177246494	4862488475
1177246494	3119197761
1177246494	4589758839
1177246494	865900705953001472
1177246494	842887019835531264
1177246494	2766063435
1177246494	779320261573275648
1177246494	861405987902820353
1177246494	851461995517923328
1177246494	866209454282428416
1177246494	820007768866385921
1177246494	741647456
1177246494	848744071489343490
1177246494	3192065170
1177246494	865693005012971522
1177246494	324176530
1177246494	4228592119
1177246494	795260953239715840
1177246494	809409374724755456
1177246494	855864560481427460
1177246494	866725909734326276
1177246494	2719802135
1177246494	3674191233
1177246494	858894409483595776
1177246494	865656378404200448
1177246494	855073859392942084
1177246494	837444729159704577
1177246494	733117203638259713
1177246494	415644178
1177246494	857634238283354112
1177246494	788529510283173888
1177246494	1308262207
1177246494	4183501282
1177246494	864465384317087744
1177246494	777461265627308034
1177246494	864409625227141120
1177246494	865388526296289281
1177246494	3031211891
1177246494	3389547070
1177246494	1511672598
1177246494	793851659071983616
1177246494	860285634807726081
1177246494	803054786224361472
1177246494	336146760
1177246494	853431222302896130
1177246494	866102076706877440
1177246494	775481558635610112
1177246494	865802745030344704
1177246494	866260216333168641
1177246494	861675002072096768
1177246494	866100425413545984
1177246494	854108091113254917
1177246494	864787828433186816
1177246494	854455676839526401
1177246494	866155110489051136
1177246494	798292059945922560
1177246494	842858020174544896
1177246494	768230498892181504
1177246494	866275883539206144
1177246494	3018298348
1177246494	866275149506654208
1177246494	831644462514311169
1177246494	866022782366343171
1177246494	866019801206009861
1177246494	865558303232765953
1177246494	394517570
1177246494	4847269642
1177246494	863876137277173760
1177246494	865260133277986818
1177246494	863793354382999553
1177246494	258167365
1177246494	851084041252200448
1177246494	858527641770618883
1177246494	866287541783334912
1177246494	852302689023209472
1177246494	862074377990492160
1177246494	866255184091127808
1177246494	3288359349
1177246494	4571809157
1177246494	866105550068748289
1177246494	839524814444507137
1177246494	866283331331215360
1177246494	864605996223803392
1177246494	866120433409691649
1177246494	715651023545757696
1177246494	3038294920
1177246494	833502977210073088
1177246494	863457306880638976
1177246494	864807962166140928
1177246494	853577244991729664
1177246494	739155179556179968
1177246494	865788292436041728
1177246494	2980219061
1177246494	3696872535
1177246494	857219649905274880
1177246494	835184889674657793
1177246494	866300637277020164
1177246494	720995280808714240
1177246494	863569490491166720
1177246494	753279230188879872
1177246494	860989825910018049
1177246494	792834067087712256
1177246494	824312147404591105
1177246494	866309513342844928
1177246494	866110730365542401
1177246494	865625217271345152
1177246494	865309363375833089
1177246494	3451724361
1177246494	272199419
1177246494	441741878
1177246494	864945530044125184
1177246494	866011578843398145
1177246494	865549147926966276
1177246494	810537245199519750
1177246494	865610220118081536
1177246494	866310008098754561
1177246494	866059626999140353
1177246494	3391256367
1177246494	823574638412386306
1177246494	4841076682
1177246494	774757535509348352
1177246494	2879967471
1177246494	866223163797110788
1177246494	866325030128451584
1177246494	2790005045
1177246494	865012060266131456
1177246494	866086090377228289
1177246494	866305879007776768
1177246494	792806177906233344
1177246494	863585466322481153
1177246494	823866843244982272
1177246494	862665954907611138
1177246494	866329923073527809
1177246494	3415728436
1177246494	866316736827621377
1177246494	842532754772451335
1177246494	866327840144404480
1177246494	860681228097335298
1177246494	866141361527025664
1177246494	864993877618569216
1177246494	774982106757865472
1177246494	751171957769502720
1177246494	865686209649152000
1177246494	854093520830963712
1177246494	730018891288743936
1177246494	866340050908446720
1177246494	1735906951
1177246494	848340047145381888
1177246494	866322835299610625
1177246494	902273852
1177246494	842241204804804616
1177246494	839791117604425728
1177246494	866344277114314754
1177246494	866010693396516864
1177246494	866346052026339330
1177246494	866311743441600513
1177246494	2374196817
1177246494	710986525744484353
1177246494	849708869056122880
1177246494	773527142583955456
1177246494	3519444329
1177246494	863823710586851328
1177246494	866343213875027968
1177246494	865365743298375680
1177246494	806870367063130112
1177246494	865293341835055104
1177246494	822670836226281472
1177246494	750878093305405440
1177246494	861644906208649216
1177246494	850674226248003584
1177246494	777271539301552128
1177246494	2488559954
1177246494	796034610505383936
1177246494	706679400738201600
1177246494	865764820116701184
1177246494	805567804489474052
1177246494	837664838239338498
1177246494	866116306852093953
1177246494	767004464460992512
1177246494	843139293388427265
