761999934434349056	1266317204
2342624702	1266317204
772500849402777601	1266317204
784232468731695105	1266317204
3091560148	1266317204
1226370656	1266317204
837841370144468997	1266317204
4921029481	1266317204
282503746	1266317204
271542185	1266317204
285405743	1266317204
3318213993	1266317204
863957880386531328	1266317204
735476828	1266317204
75925291	1266317204
3022314943	1266317204
115604864	1266317204
43759072	1266317204
191912545	1266317204
495384592	1266317204
426040957	1266317204
3433490746	1266317204
2511532872	1266317204
166501881	1266317204
794389737314390016	1266317204
2456759874	1266317204
1450082845	1266317204
708048865216299009	1266317204
331815834	1266317204
302765585	1266317204
3429941919	1266317204
2998134915	1266317204
4156867405	1266317204
216118168	1266317204
551573256	1266317204
62537327	1266317204
1654585675	1266317204
2250576716	1266317204
1735332169	1266317204
61272410	1266317204
345350156	1266317204
831601942908588032	1266317204
1569024048	1266317204
230522172	1266317204
1197185828	1266317204
63488216	1266317204
61557676	1266317204
479862529	1266317204
1643907805	1266317204
831179846495633408	1266317204
1977042668	1266317204
710082046467694592	1266317204
1625597406	1266317204
150470216	1266317204
220983975	1266317204
4758951180	1266317204
708651075239333888	1266317204
151958213	1266317204
1487804376	1266317204
143067430	1266317204
3140981741	1266317204
3328440783	1266317204
854457089636388864	1266317204
854109508582428672	1266317204
1166071584	1266317204
202443677	1266317204
4506842853	1266317204
737511061071351808	1266317204
852136866660978689	1266317204
851996978628243456	1266317204
705102927908569091	1266317204
1635947816	1266317204
850529283051331585	1266317204
1418878460	1266317204
434476831	1266317204
709173435159678976	1266317204
83208451	1266317204
839882848001802245	1266317204
728314964314726400	1266317204
751289031506354176	1266317204
309886756	1266317204
3975185770	1266317204
4197242728	1266317204
766413505440407553	1266317204
780509567771959296	1266317204
820723713511489538	1266317204
839635508783378432	1266317204
813506146636091392	1266317204
800029946592825344	1266317204
1935284690	1266317204
811000405404635137	1266317204
637161648	1266317204
619180347	1266317204
2191011576	1266317204
581290522	1266317204
2199982198	1266317204
3191777081	1266317204
2646589790	1266317204
894361064	1266317204
208301927	1266317204
1954511113	1266317204
765675135772856321	1266317204
739336075	1266317204
2288177527	1266317204
3319244625	1266317204
3198462636	1266317204
2495573786	1266317204
362831691	1266317204
750076769722654723	1266317204
1565725292	1266317204
2695691989	1266317204
3305234524	1266317204
3571012696	1266317204
819944745845788672	1266317204
3733491855	1266317204
2659980577	1266317204
303531438	1266317204
3146638670	1266317204
543164286	1266317204
748344078933209088	1266317204
779729056824635392	1266317204
226296322	1266317204
108192135	1266317204
1177776486	1266317204
635022242	1266317204
1266317204	2525950189
1266317204	761493541
1266317204	878501298
1266317204	3559793237
1266317204	4869736889
1266317204	593765767
1266317204	458599036
1266317204	865297523673620481
1266317204	348292266
1266317204	136426609
1266317204	731999471895220224
1266317204	265656650
1266317204	152394247
1266317204	845688317236690949
1266317204	2268127958
1266317204	772500849402777601
1266317204	711638469035040768
1266317204	811330043863560193
1266317204	433691245
1266317204	789939873209778177
1266317204	3140981741
1266317204	3328440783
1266317204	2250576716
1266317204	166501881
1266317204	2511532872
1266317204	3433490746
1266317204	426040957
1266317204	43759072
1266317204	3091560148
1266317204	3318213993
1266317204	285405743
1266317204	271542185
1266317204	4921029481
1266317204	841006088526954496
1266317204	825370843
1266317204	251538489
1266317204	282503746
1266317204	801079945636278272
1266317204	115604864
1266317204	3429941919
1266317204	331815834
1266317204	495384592
1266317204	1365976926
1266317204	112694236
1266317204	145992645
1266317204	1264443499
1266317204	863957880386531328
1266317204	837841370144468997
1266317204	69714088
1266317204	272234232
1266317204	514635724
1266317204	215307236
1266317204	166539088
1266317204	219867635
1266317204	348587441
1266317204	158159083
1266317204	243049971
1266317204	18137148
1266317204	211645411
1266317204	1055961048
1266317204	703646996
1266317204	138760011
1266317204	1226370656
1266317204	2839578186
1266317204	116458017
1266317204	22090502
1266317204	731073667
1266317204	2859085672
1266317204	288248421
1266317204	244186540
1266317204	281508283
1266317204	1450082845
1266317204	75925291
1266317204	1128606644
1266317204	719772934294892544
1266317204	62537327
1266317204	216118168
1266317204	4156867405
1266317204	708048865216299009
1266317204	226582147
1266317204	784232468731695105
1266317204	854775269789491201
1266317204	837092308357120000
1266317204	845772101227294721
1266317204	844345591899533312
1266317204	854799748393562113
1266317204	738040653486161921
1266317204	2184708120
1266317204	196730793
1266317204	2456759874
1266317204	191912545
1266317204	338617587
1266317204	845327875284852736
1266317204	2998134915
1266317204	707172526036795392
1266317204	2730048169
1266317204	92081329
1266317204	863915756647591939
1266317204	17622198
1266317204	131263336
1266317204	11816412
1266317204	67598807
1266317204	14436030
1266317204	569536908
1266317204	1535279232
1266317204	989191981
1266317204	2962971390
1266317204	220082128
1266317204	297553476
1266317204	131230657
1266317204	185499834
1266317204	1569024048
1266317204	345350156
1266317204	61272410
1266317204	235458860
1266317204	2510467434
1266317204	152867872
1266317204	3450371481
1266317204	771726898871296000
1266317204	110318524
1266317204	107485789
1266317204	138904738
1266317204	1089633612
1266317204	288043176
1266317204	273198805
1266317204	212924024
1266317204	257954925
1266317204	157725514
1266317204	483656289
1266317204	141867164
1266317204	154650240
1266317204	317478426
1266317204	1735332169
1266317204	180076191
1266317204	249345746
1266317204	4515126989
1266317204	253176236
1266317204	108968018
1266317204	707386458
1266317204	499363921
