854003251905273857	1498343437
849607324398477313	1498343437
824428460089217024	1498343437
173646173	1498343437
867249745261101056	1498343437
790151024715718658	1498343437
867246444905988097	1498343437
742744571059265538	1498343437
3375990369	1498343437
867240940376928256	1498343437
864498330226831362	1498343437
863227877940133889	1498343437
865012060266131456	1498343437
740678274762838017	1498343437
861416844305068032	1498343437
867230735119384576	1498343437
756547245563060224	1498343437
837357988776116224	1498343437
752586429612625920	1498343437
867216703977082880	1498343437
867209073900625920	1498343437
867210395852976128	1498343437
701294371182878722	1498343437
867214344148459523	1498343437
720396025081372673	1498343437
794786519613440000	1498343437
851440447834791937	1498343437
867206589220102145	1498343437
896374280	1498343437
2165740479	1498343437
764494355663118336	1498343437
841118438273765376	1498343437
863526574162890753	1498343437
863204988964806656	1498343437
865741081677312000	1498343437
864848884136382466	1498343437
3858169827	1498343437
823858419618709507	1498343437
4409209828	1498343437
3164676203	1498343437
782762548575801348	1498343437
3296960992	1498343437
866632166133911553	1498343437
867184856840753152	1498343437
866980119776198658	1498343437
3908367327	1498343437
851262962069196806	1498343437
835665812941901827	1498343437
802276357917044740	1498343437
864462918317899777	1498343437
854535096665243648	1498343437
865168929416765440	1498343437
853334790128504832	1498343437
277502928	1498343437
1694824578	1498343437
707736374598885376	1498343437
81202140	1498343437
867172630373298177	1498343437
867172173689040896	1498343437
774114499133448192	1498343437
844935878044717056	1498343437
863865244988432385	1498343437
3243626631	1498343437
790335112097439744	1498343437
866791240251191297	1498343437
867163670241050624	1498343437
866071875344007168	1498343437
867131640149049344	1498343437
3020859177	1498343437
866314335093755907	1498343437
867163393404403713	1498343437
720022586848108545	1498343437
792881922917752832	1498343437
866296355538558976	1498343437
867152213768110080	1498343437
866168798998663169	1498343437
813539101823692800	1498343437
830071291633926148	1498343437
789474810590093312	1498343437
857282601350025216	1498343437
867146456167305217	1498343437
2367277640	1498343437
791721960178843648	1498343437
132933954	1498343437
835186236549644291	1498343437
849909733830086657	1498343437
865331932254674944	1498343437
865679857862287360	1498343437
867107169723928576	1498343437
867137766739587073	1498343437
866829314091872256	1498343437
843975174118694915	1498343437
863879562719105026	1498343437
867131273243971586	1498343437
797490011323138048	1498343437
858278786814627840	1498343437
867120385334161408	1498343437
810100479774625793	1498343437
199060939	1498343437
783803242199343104	1498343437
702120360611807235	1498343437
4865639385	1498343437
780535328629137408	1498343437
867099367022395393	1498343437
436136506	1498343437
852586442958266368	1498343437
4420000036	1498343437
3566874082	1498343437
3156854189	1498343437
865721139947032576	1498343437
865336603425820672	1498343437
866818948603555841	1498343437
758429836620750850	1498343437
718479254867066880	1498343437
861409590570881029	1498343437
855561163316264961	1498343437
837108660962742273	1498343437
867079409194471426	1498343437
797899317633777664	1498343437
867043411676848130	1498343437
828635839517298688	1498343437
3797353877	1498343437
790745939178819584	1498343437
854024795771502593	1498343437
867069619693117440	1498343437
843083578279968773	1498343437
867063614154387460	1498343437
3874612103	1498343437
2435897870	1498343437
867048923495616516	1498343437
4656670107	1498343437
867038549597671424	1498343437
865974931858837505	1498343437
864550400204189696	1498343437
866633223757062145	1498343437
264509863	1498343437
867040027737563136	1498343437
738120643443580928	1498343437
836702203188547584	1498343437
866385175449673728	1498343437
811291593810526209	1498343437
866980537474453504	1498343437
867028652306960385	1498343437
866612743876562944	1498343437
824643842309844995	1498343437
99935600	1498343437
840554948593106944	1498343437
318140653	1498343437
863936902042451968	1498343437
4094667808	1498343437
1976427320	1498343437
856821534291308545	1498343437
3365036560	1498343437
818356433498570752	1498343437
711085334541570048	1498343437
770179237814931456	1498343437
866970481630556160	1498343437
1090397251	1498343437
3578389097	1498343437
867001861773172736	1498343437
4769500113	1498343437
866996641294843905	1498343437
852923129651503104	1498343437
866950138677403648	1498343437
794676399474933760	1498343437
808004287003508736	1498343437
866399916301701120	1498343437
1306051098	1498343437
849564746915471364	1498343437
866982244992331777	1498343437
866981442877890562	1498343437
852959064497803265	1498343437
848249031704940544	1498343437
1628855635	1498343437
4819823368	1498343437
863858424102232066	1498343437
855494014900076544	1498343437
785791804406919168	1498343437
865924793895460866	1498343437
237809605	1498343437
863184755604455424	1498343437
866048004595298305	1498343437
866895852127879168	1498343437
731618054124109826	1498343437
866486219022241794	1498343437
2940290685	1498343437
863421018697859073	1498343437
855864560481427460	1498343437
866867528416546816	1498343437
866874100148514817	1498343437
808723797633273856	1498343437
735250665266630656	1498343437
865346487416492032	1498343437
590568843	1498343437
866858576324812800	1498343437
866859114038689792	1498343437
865043713776648193	1498343437
864175428524810240	1498343437
756240762493427712	1498343437
866843063011991554	1498343437
1498343437	368678083
1498343437	436136506
1498343437	3071049611
1498343437	264509863
1498343437	818356433498570752
1498343437	561270134
1498343437	1628855635
1498343437	953874512
1498343437	489027228
1498343437	855864560481427460
1498343437	141798940
1498343437	780483911990337537
1498343437	863418289673973762
1498343437	482261338
1498343437	854055727853441026
1498343437	4870718951
1498343437	541015978
1498343437	2355638648
1498343437	614377891
1498343437	408915814
1498343437	2584119443
1498343437	804019787932332032
1498343437	861591775961653248
1498343437	2709412755
1498343437	4268300915
1498343437	817102137029197824
1498343437	426765739
1498343437	801836559024668674
1498343437	714849501236883457
1498343437	1250112240
1498343437	478187064
1498343437	3132262905
1498343437	790269435860877312
1498343437	785630460047159296
1498343437	4228592119
1498343437	838576239514353664
1498343437	864267245391945730
1498343437	703429896
1498343437	2812248875
1498343437	794549182258417664
1498343437	345159765
1498343437	787693542462349313
1498343437	816438202911297548
1498343437	848744071489343490
1498343437	790763407280484353
1498343437	786219645627928576
1498343437	567739545
1498343437	739299248391524352
1498343437	2576409983
1498343437	753646636052733952
1498343437	3496510815
1498343437	778333333742821384
1498343437	774013334421209088
1498343437	151666822
1498343437	3297345370
1498343437	2878892783
1498343437	373552974
1498343437	794294768390045696
1498343437	711684777380859904
1498343437	782762744328183808
1498343437	754397664108830720
1498343437	776534361571201024
1498343437	2450561252
1498343437	2948397473
1498343437	308137918
1498343437	792165226762362881
1498343437	854190793535492096
1498343437	3425794715
1498343437	4560716117
1498343437	792474445629849600
1498343437	818567927204966401
1498343437	339293003
1498343437	809867646221086720
1498343437	2875891749
1498343437	835579551434616832
1498343437	833013378255843328
1498343437	862663447418458112
1498343437	708346756111556610
1498343437	802994480743845889
1498343437	4431102957
1498343437	126779835
1498343437	1531384790
1498343437	814875842249687042
1498343437	705866650923507712
1498343437	3311402967
1498343437	834408356869787648
1498343437	4211789681
1498343437	819675936102776836
1498343437	701071592839847939
1498343437	263262098
1498343437	4698923186
1498343437	1927659890
1498343437	1113103662
1498343437	707314755447431168
1498343437	3414294106
1498343437	866438839484723201
1498343437	176488513
1498343437	153509479
1498343437	862662797834031104
1498343437	864807349181140992
1498343437	330483698
1498343437	2894623211
1498343437	866278179866116097
1498343437	1046037048
1498343437	3436786763
1498343437	399020094
1498343437	2995943218
1498343437	831645949537705985
1498343437	3119076790
1498343437	584434584
1498343437	1404148788
1498343437	3974288955
1498343437	1355827280
1498343437	859568254699917316
1498343437	3863614697
1498343437	120222328
1498343437	780143242352418816
1498343437	720789921351516162
1498343437	381821750
1498343437	3047561472
1498343437	844659658774265857
1498343437	424616181
1498343437	858444581951733760
1498343437	144177447
1498343437	739564680629325826
1498343437	3709298897
1498343437	761445160450420736
1498343437	859914100171845632
1498343437	123912978
1498343437	1715975934
1498343437	2792523557
1498343437	1507414584
1498343437	715647605452177408
1498343437	2602226202
1498343437	116310255
1498343437	3399512903
1498343437	722448283
1498343437	713398937110126592
1498343437	839951752430489600
1498343437	864831423273938945
1498343437	2977017851
1498343437	866415315189714944
1498343437	3400168919
1498343437	827992490
1498343437	1708705568
1498343437	3392268052
1498343437	2474312691
1498343437	2959571063
1498343437	821536848501678080
1498343437	3383138897
1498343437	865537494724493312
1498343437	2242445642
1498343437	1099559652
1498343437	2949918999
1498343437	855000846060453888
1498343437	305246362
1498343437	1928418986
1498343437	259072700
1498343437	1406339359
1498343437	772629117292478464
1498343437	854172506034458624
1498343437	773693407223046144
1498343437	796707798780362753
1498343437	858349792434561024
1498343437	704439371156602880
1498343437	4454139275
1498343437	2443192731
1498343437	833115677363994624
1498343437	859097313490477056
1498343437	2468378409
1498343437	2881926455
1498343437	314015884
1498343437	3229431269
1498343437	163312256
1498343437	829018542
1498343437	717161990481960964
1498343437	3307684828
1498343437	818069177034539008
1498343437	835222924864995329
1498343437	862075386515116032
1498343437	714621109983907840
1498343437	752321531758379008
1498343437	859592507658776577
1498343437	2382766198
1498343437	3207574547
1498343437	750364144524746756
1498343437	766793127462068224
1498343437	740716635967852544
1498343437	710585399597522944
1498343437	2650658813
1498343437	266193335
1498343437	860306840562925569
1498343437	2848375114
1498343437	778118581
1498343437	856976049262997504
1498343437	842910033235116032
1498343437	50515580
1498343437	2715770485
1498343437	2789131270
1498343437	3413676219
