824723316	151133151
2540750810	151133151
1955132936	151133151
883441003	151133151
845636543285002240	151133151
3067016068	151133151
867072191182946304	151133151
4691988498	151133151
867171377920573440	151133151
347940973	151133151
319900206	151133151
751515012481503232	151133151
347935249	151133151
866798341191065600	151133151
856173758192787456	151133151
627853041	151133151
733509046192459776	151133151
845943286535770113	151133151
3530768000	151133151
851613069310558209	151133151
465840670	151133151
2312785972	151133151
742526432539115520	151133151
2157144276	151133151
3269269099	151133151
781880035032662016	151133151
867103523636465664	151133151
3986990309	151133151
867113614821302274	151133151
1328166830	151133151
79868108	151133151
2987886627	151133151
3307000871	151133151
274801901	151133151
1446838045	151133151
3246421255	151133151
611103999	151133151
838066246042136577	151133151
748524027413663744	151133151
49701251	151133151
3140559834	151133151
277822705	151133151
3097662053	151133151
866381933827280896	151133151
779766160774443009	151133151
859147739053084674	151133151
385179402	151133151
842155116765560832	151133151
38502582	151133151
864570938930728963	151133151
3549663492	151133151
2513729684	151133151
93850488	151133151
223262213	151133151
735278306744926209	151133151
862211592058019840	151133151
357176114	151133151
238327390	151133151
867099486887317504	151133151
4555280056	151133151
3481975523	151133151
4810198232	151133151
790197040219246592	151133151
867072760236920833	151133151
422166202	151133151
802761347008053248	151133151
158464606	151133151
867072429142679552	151133151
1593917216	151133151
867014441916928000	151133151
3114897315	151133151
867072144416681986	151133151
2280209024	151133151
30917871	151133151
1885082586	151133151
931294874	151133151
782242561519783936	151133151
740154032606437376	151133151
842229586704252929	151133151
700821830	151133151
828825664765689856	151133151
25784879	151133151
753901808330936320	151133151
290884037	151133151
730786447729430528	151133151
791059035432689664	151133151
4401461061	151133151
867025123433263104	151133151
557059491	151133151
2813946458	151133151
90711276	151133151
866822352134258688	151133151
280226141	151133151
1968192649	151133151
499386675	151133151
866646690337615872	151133151
731615983186640896	151133151
3012863389	151133151
717737998	151133151
779794620121243648	151133151
727018187137523713	151133151
792000704005148673	151133151
412383962	151133151
242179222	151133151
2467421939	151133151
452195989	151133151
3317352331	151133151
866828703845629952	151133151
778958753999691776	151133151
2957703021	151133151
3165901518	151133151
866801963501047808	151133151
855142626	151133151
848766615298740224	151133151
770939952402014212	151133151
606868114	151133151
2990999770	151133151
1164781446	151133151
858050928724910082	151133151
852531219157929986	151133151
866487190372536320	151133151
859049081469095938	151133151
154660373	151133151
624479280	151133151
867026488943534080	151133151
727668824477212676	151133151
2466505761	151133151
725478420310691840	151133151
2393063119	151133151
1921883773	151133151
3036458303	151133151
845864572028272640	151133151
837485219699621888	151133151
1173361182	151133151
334532997	151133151
855429246944256001	151133151
230036661	151133151
608505058	151133151
854787207042695168	151133151
802882428775710720	151133151
2294219262	151133151
811111526027448320	151133151
3135447010	151133151
471885357	151133151
858716937089667073	151133151
3288736330	151133151
860541039077150720	151133151
553353872	151133151
865190530984034307	151133151
33857467	151133151
2776995029	151133151
557917204	151133151
2799455515	151133151
812699451471044608	151133151
3974573053	151133151
839160943305191425	151133151
4812945140	151133151
431717918	151133151
2331776021	151133151
845093342451027972	151133151
28295236	151133151
867045131387621376	151133151
2512716055	151133151
2740552263	151133151
569270664	151133151
2661225253	151133151
865670050929356800	151133151
862144515678756864	151133151
866347360158449665	151133151
866961762259783680	151133151
808117984606752768	151133151
2458316490	151133151
2161356392	151133151
807730885973934080	151133151
866021461432999937	151133151
212078675	151133151
861560412222967808	151133151
2898701308	151133151
1498405800	151133151
801951599442665472	151133151
4898569107	151133151
865166733522288640	151133151
161069573	151133151
276676255	151133151
757353216027734016	151133151
4870470531	151133151
2600229859	151133151
77328120	151133151
838662829074849792	151133151
323528561	151133151
507808533	151133151
727213918926585856	151133151
3028563698	151133151
805857847036805124	151133151
866229371656298498	151133151
845936558364643329	151133151
821865682610614274	151133151
810842820701548544	151133151
2793320133	151133151
866736735568396293	151133151
151133151	4139867293
151133151	93493491
151133151	842884690088361985
151133151	820047383341895681
151133151	598758208
151133151	829795696739913728
151133151	2189579209
151133151	394915547
151133151	3914194150
151133151	794432626547228672
151133151	742526432539115520
151133151	3269269099
151133151	867189089593810944
151133151	3284576054
151133151	808814501097275393
151133151	2715771273
151133151	423010617
151133151	4083266841
151133151	844361911483453444
151133151	744389226087612416
151133151	232324301
151133151	703481884664172544
151133151	702546297
151133151	844745065
151133151	1135694786
151133151	783829642214010880
151133151	716515944202276864
151133151	826225698079637504
151133151	274801901
151133151	2665213976
151133151	2990782143
151133151	1720215019
151133151	724076273987887105
151133151	2356444820
151133151	3131774625
151133151	267233356
151133151	3377897997
151133151	730057491845799936
151133151	3246421255
151133151	4641885780
151133151	2818292578
151133151	3222894608
151133151	4654026072
151133151	1360662936
151133151	2278518984
151133151	998072862
151133151	3394148704
151133151	2309221921
151133151	631462714
151133151	2716195618
151133151	85601740
151133151	14511615
151133151	2598510391
151133151	4446167356
151133151	110745575
151133151	3649861276
151133151	3346745434
151133151	326592393
151133151	848688674585935872
151133151	4719291434
151133151	735876884462870529
151133151	182124097
151133151	864308114677522432
151133151	729275171563933696
151133151	776568969998266368
151133151	146595094
151133151	816152514097651713
151133151	3314053327
151133151	378955347
151133151	2619172519
151133151	730094630482661376
151133151	101608024
151133151	748524027413663744
151133151	1631723754
151133151	1217034871
151133151	2272100461
151133151	764531193408663552
151133151	867175776826929154
151133151	865037943324520448
151133151	401784893
151133151	335707100
151133151	3357758632
151133151	726119394565361667
151133151	3065957664
151133151	347935249
151133151	4531335987
151133151	1047512065
151133151	4862503799
151133151	728228064119783424
151133151	829002941776461824
151133151	811036186932342785
151133151	3864627913
151133151	569152099
151133151	2805602090
151133151	597927819
151133151	3301042597
151133151	863624420715319300
151133151	867138982135685120
151133151	2889845187
151133151	232951013
151133151	787762339235835904
151133151	840656144
151133151	265667183
151133151	787394256759578624
151133151	559469530
151133151	819191637918253056
151133151	858814096787034113
151133151	241974119
151133151	243251429
151133151	777327815486164992
151133151	867058671272030209
151133151	4772431393
151133151	4836849749
151133151	867169624420487168
151133151	867168295069339649
151133151	704477125827362816
151133151	396643681
151133151	2921446161
151133151	867170556076056576
151133151	719995472270778368
151133151	36577183
151133151	2985146788
151133151	867170734266884101
151133151	866798341191065600
151133151	221212665
151133151	867171906805538816
151133151	1328166830
151133151	867171377920573440
151133151	4635273674
151133151	2302171516
151133151	2570027987
151133151	125962464
151133151	867176336728739844
151133151	731358612866600960
151133151	585719276
151133151	4855056377
151133151	2170193987
151133151	839658076567396352
151133151	867177823592755201
151133151	4605733995
151133151	4605733995
151133151	772176703988858880
151133151	857772637547749376
151133151	2485237699
151133151	2571628810
151133151	867178341681463296
151133151	834872101009956864
151133151	3092565473
151133151	866073962391810048
151133151	3100314653
151133151	867178713103847424
151133151	3414234611
151133151	1465695811
151133151	824483076789071872
151133151	2786449225
151133151	588025874
151133151	3050115373
151133151	867179450605207552
151133151	172692556
151133151	867181631433461760
151133151	733869747108859904
151133151	1268665268
151133151	867181972644409344
151133151	2789104085
151133151	627853041
151133151	2231037520
151133151	1849838083
151133151	744937089557401600
151133151	2985433143
151133151	2177120327
151133151	478275246
151133151	474476410
151133151	189346719
151133151	863827140
151133151	2505247195
151133151	4831063907
151133151	807033478487351296
151133151	753775537114509313
151133151	831366437608513536
151133151	277822705
151133151	35637273
151133151	796442649351880710
151133151	856173758192787456
151133151	832685616596803585
151133151	3301931906
151133151	419693347
151133151	260510718
151133151	883441003
151133151	471966524
151133151	719998756473716739
151133151	513605675
151133151	3140559834
151133151	217687367
151133151	866381933827280896
151133151	849482309854265344
151133151	388619547
151133151	4691988498
151133151	3097662053
151133151	867167449149583360
151133151	381106281
