797472816111222784	2231838853
859201631170285568	2231838853
731640637087342593	2231838853
4789933875	2231838853
4540091661	2231838853
94054024	2231838853
848760671173058560	2231838853
584353992	2231838853
3377531998	2231838853
839245285788381187	2231838853
837955391535316992	2231838853
824868375738216449	2231838853
830847447291265024	2231838853
843100296050102272	2231838853
846531681448288256	2231838853
2743425266	2231838853
843096847166160897	2231838853
848263932452241409	2231838853
848361228682579968	2231838853
2300407260	2231838853
94437543	2231838853
843821340700413952	2231838853
110892194	2231838853
3477770478	2231838853
28502524	2231838853
3541850234	2231838853
3142708810	2231838853
853802727398400001	2231838853
36785966	2231838853
803187121183784960	2231838853
1936062174	2231838853
835920983613652992	2231838853
792325674	2231838853
167181709	2231838853
574788447	2231838853
2843187477	2231838853
843973780598919168	2231838853
232299098	2231838853
4927428268	2231838853
820530626751119360	2231838853
835674199771463682	2231838853
868967070	2231838853
828823541890035712	2231838853
711964973585444864	2231838853
4846654214	2231838853
825322992708186113	2231838853
825878305500901376	2231838853
825388586686046208	2231838853
822798410256384002	2231838853
819829789376671745	2231838853
820311729397710848	2231838853
820433279522394115	2231838853
820627795508215809	2231838853
717079264844259328	2231838853
916599972	2231838853
3146063613	2231838853
2614192909	2231838853
815416930140094464	2231838853
821127623585562625	2231838853
820449561869172736	2231838853
748427978460143616	2231838853
807505947656536064	2231838853
791874911971049472	2231838853
816518245708500992	2231838853
819361121052360704	2231838853
819143755659935749	2231838853
818488828117692416	2231838853
757598651996860416	2231838853
736024080487485440	2231838853
2382246894	2231838853
809866114016702464	2231838853
780106947316121600	2231838853
813037605075812354	2231838853
813923946773024768	2231838853
3247099108	2231838853
4746156127	2231838853
809108956417314816	2231838853
775530016356519936	2231838853
773561374484078592	2231838853
807572036801282048	2231838853
748226561569079296	2231838853
1683389089	2231838853
3327850817	2231838853
762718603259027456	2231838853
722840703538225152	2231838853
2863527318	2231838853
3799403534	2231838853
759458176106389504	2231838853
4179954034	2231838853
1871220288	2231838853
778029839332745216	2231838853
2924179341	2231838853
709888432756154369	2231838853
719209426700341249	2231838853
795775679396712448	2231838853
3232237522	2231838853
726513236632285185	2231838853
784906883953991680	2231838853
709155414903037952	2231838853
787690844518309889	2231838853
786953971818782720	2231838853
783702611908104192	2231838853
726696012488699904	2231838853
781317035359887361	2231838853
1883280776	2231838853
725024603505053696	2231838853
719404371931480064	2231838853
788426066821984256	2231838853
723727069151125508	2231838853
4490093901	2231838853
716667515250692096	2231838853
768437173595017216	2231838853
711253218278375429	2231838853
4894698674	2231838853
763286357607342080	2231838853
712746594530156544	2231838853
759784526323134464	2231838853
4847056252	2231838853
3436106187	2231838853
1615942813	2231838853
1480888400	2231838853
754491604744843264	2231838853
3215489735	2231838853
2996847040	2231838853
576507142	2231838853
3002296960	2231838853
4527236955	2231838853
4271127073	2231838853
925611624	2231838853
35393301	2231838853
746333076066865152	2231838853
3807866293	2231838853
1862529852	2231838853
4822315883	2231838853
1856037218	2231838853
4872254452	2231838853
4827427404	2231838853
4712144083	2231838853
4884310881	2231838853
4675242894	2231838853
4225643172	2231838853
3063445937	2231838853
343254859	2231838853
3307445667	2231838853
4873171115	2231838853
3053681816	2231838853
3868893553	2231838853
722592426356031489	2231838853
2911586957	2231838853
734438957677727745	2231838853
1145548458	2231838853
4613842703	2231838853
4548846019	2231838853
741034931661328385	2231838853
2430537032	2231838853
3815338103	2231838853
2187381200	2231838853
739932617504612353	2231838853
738150145565413377	2231838853
4156804341	2231838853
2285378035	2231838853
708037136755335168	2231838853
2367836199	2231838853
709725810123522049	2231838853
2702030412	2231838853
730097985489670144	2231838853
2863802663	2231838853
726633124461948929	2231838853
723328878941483009	2231838853
700836233874767872	2231838853
708350589336481792	2231838853
4665868365	2231838853
721402077927383041	2231838853
31327090	2231838853
3328335403	2231838853
3667779554	2231838853
721705535792406530	2231838853
712731948720885762	2231838853
4676203447	2231838853
2769836397	2231838853
2698864651	2231838853
708133920332652544	2231838853
716670235466670081	2231838853
4411978633	2231838853
3093671968	2231838853
3730043413	2231838853
3979116941	2231838853
3718261992	2231838853
49095547	2231838853
2705163934	2231838853
35590019	2231838853
3376204421	2231838853
2194776495	2231838853
704080539234467841	2231838853
713693678074798080	2231838853
4875075580	2231838853
711844901139456000	2231838853
4242351203	2231838853
4928497173	2231838853
3214630451	2231838853
2231838853	4059571457
2231838853	825808154206277632
2231838853	127364850
2231838853	859181326976430080
2231838853	797472816111222784
2231838853	131136680
2231838853	835906983609962496
2231838853	1655307032
2231838853	866301510937956353
2231838853	821923696331792385
2231838853	823503436360478720
2231838853	14691437
2231838853	50794595
2231838853	1358212591
2231838853	314968909
2231838853	828504006309900288
2231838853	866015527520612353
2231838853	866773465604534272
2231838853	859201631170285568
2231838853	3325955285
2231838853	796481755217887236
2231838853	772132079798747136
2231838853	731640637087342593
2231838853	4547777177
2231838853	849955446
2231838853	2910141204
2231838853	804884003320983552
2231838853	788002462334464002
2231838853	486686662
2231838853	114322322
2231838853	800030914097086465
2231838853	2788916083
2231838853	860295386510106624
2231838853	854023362007506944
2231838853	1279102434
2231838853	471370459
2231838853	705037429762363396
2231838853	4789933875
2231838853	542778216
2231838853	2715698581
2231838853	3641586442
2231838853	3318361236
2231838853	829309251021578244
2231838853	860984237343858688
2231838853	190067192
2231838853	830938817729269760
2231838853	21229201
2231838853	828042527538368512
2231838853	860496584588611587
2231838853	3117790888
2231838853	828466823570063360
2231838853	852757784
2231838853	3320069291
2231838853	828977398678958081
2231838853	4196917099
2231838853	829994306106585088
2231838853	829354807370596352
2231838853	987646212
2231838853	154655513
2231838853	829515152110284800
2231838853	843239667512233985
2231838853	770023531530842112
2231838853	827730177731940352
2231838853	829807174532624386
2231838853	450039006
2231838853	829824907903168512
2231838853	829086973461684224
2231838853	225045850
2231838853	834538583360937984
2231838853	261894069
2231838853	830116340044267522
2231838853	835976935951851520
2231838853	2720156152
2231838853	830341073440477184
2231838853	94054024
2231838853	383783238
2231838853	287533901
2231838853	803041351839449088
2231838853	830820945132711937
2231838853	726460638034165760
2231838853	814232393481678852
2231838853	2164919875
2231838853	27368720
2231838853	817514189346508800
2231838853	772121625215037440
2231838853	2297391246
2231838853	788871675571953664
2231838853	864363767739498496
2231838853	828487131853049856
2231838853	739177514778517504
2231838853	834444803718909954
2231838853	831695539666288640
2231838853	955265928
2231838853	841658321690087425
2231838853	819602455558291456
2231838853	18713320
2231838853	4328068817
2231838853	832432072623022080
2231838853	1275488396
2231838853	769142414539796481
2231838853	701847583384334336
2231838853	1902105380
2231838853	770742818071384066
2231838853	835156440864198656
2231838853	265323984
2231838853	72709956
2231838853	825732770555064321
2231838853	841241413954158592
2231838853	1375061978
2231838853	835651133863571458
2231838853	833130249596571649
2231838853	835857933476978688
2231838853	250223641
2231838853	3366379372
2231838853	835933073992781828
2231838853	827636489479659520
2231838853	1061686849
2231838853	796221809481773056
2231838853	836061234428588034
2231838853	836359681807380480
2231838853	1606859832
2231838853	832253894432415744
2231838853	836337461374648321
2231838853	1630996687
2231838853	848760671173058560
2231838853	9259262
2231838853	2315569538
2231838853	836721572186472448
2231838853	833193534014513152
2231838853	4755106775
2231838853	950637607
2231838853	2820850400
2231838853	203587496
2231838853	835176046886518787
2231838853	837076450360557573
2231838853	2593638745
2231838853	835315165264412672
2231838853	3238266020
2231838853	838460791707877377
2231838853	126057797
2231838853	820805148238872576
2231838853	812874218807427072
2231838853	767809831520571392
2231838853	829899254319624192
2231838853	275916631
2231838853	835858803979599873
2231838853	835861499042226176
2231838853	561641409
2231838853	822722156291379200
2231838853	838193791139987456
2231838853	808197290020208641
2231838853	3377531998
2231838853	857116391060668416
2231838853	117544796
2231838853	811247094421929984
2231838853	836408823824924672
2231838853	836648097757417472
2231838853	838686471322226688
2231838853	586907796
2231838853	793374282717863936
2231838853	838893874001104897
2231838853	836898572301963267
2231838853	839130816001232896
2231838853	839148400411029504
2231838853	837344813431336961
2231838853	837351035937128448
2231838853	839375466855223298
2231838853	835398011735826433
2231838853	837494394815049729
2231838853	837496465547214849
2231838853	2757802426
2231838853	837481114595954688
2231838853	837677872278093824
2231838853	837682057853689858
2231838853	576546361
2231838853	840134763654524929
2231838853	837955391535316992
2231838853	714607888224751616
2231838853	707400787329163265
2231838853	701570136168390656
2231838853	824759063493885952
2231838853	360590340
2231838853	824868375738216449
2231838853	2739250350
2231838853	838627462644826112
2231838853	1319761392
2231838853	839242001312845824
2231838853	839245285788381187
2231838853	830847447291265024
2231838853	836076551225683969
2231838853	836559628615872512
2231838853	840580195207827456
2231838853	843100296050102272
2231838853	758584126807040001
2231838853	371892536
2231838853	44191011
2231838853	834572781182390272
2231838853	841054671351496708
2231838853	820548966559469568
2231838853	2743425266
