863433637785735168	2265314712
4889606386	2265314712
3573426855	2265314712
3825919845	2265314712
860482971823943680	2265314712
922422620	2265314712
867243949429338112	2265314712
867234179502796800	2265314712
826857261444321280	2265314712
2491366157	2265314712
1112625769	2265314712
849304457825456131	2265314712
3313876322	2265314712
843572444707414017	2265314712
857051232753651713	2265314712
2805929705	2265314712
844220020242759682	2265314712
3008143599	2265314712
2896341423	2265314712
3026035888	2265314712
290356206	2265314712
1599320912	2265314712
844746028779737090	2265314712
854671278480932864	2265314712
864352146329747458	2265314712
744177332810833920	2265314712
805081928986689537	2265314712
854495000209522689	2265314712
847074772555124736	2265314712
862115501840969728	2265314712
855481032837038080	2265314712
1340450868	2265314712
2579480894	2265314712
861713980288618500	2265314712
850797308954501122	2265314712
796826058960027649	2265314712
858903435428724736	2265314712
861658284821929984	2265314712
153873473	2265314712
811634308549058560	2265314712
859061163086295046	2265314712
854566703254065152	2265314712
823657877147631617	2265314712
1618524348	2265314712
735010885861773312	2265314712
2336611283	2265314712
852626661057200128	2265314712
859572392292753409	2265314712
480845809	2265314712
818265813966876672	2265314712
1275448148	2265314712
804520150846369792	2265314712
781225653924311040	2265314712
860212307389030400	2265314712
545414421	2265314712
1571881380	2265314712
2499610034	2265314712
858951965648318465	2265314712
811849738198913024	2265314712
859910578353131520	2265314712
787285807002480640	2265314712
859926154119196672	2265314712
800385717738172416	2265314712
793446407462060032	2265314712
1855732825	2265314712
816446762768601088	2265314712
367488309	2265314712
353898161	2265314712
859384928970178560	2265314712
847850046997528576	2265314712
2478793758	2265314712
741774663827619840	2265314712
635632021	2265314712
802538265865814021	2265314712
839658174508564480	2265314712
761342109169381377	2265314712
765212182279749632	2265314712
922098343	2265314712
2769350933	2265314712
854194055085006848	2265314712
859113738527531009	2265314712
1649070152	2265314712
825747478381223936	2265314712
859070473488957444	2265314712
838795952848797696	2265314712
849595499510460416	2265314712
3289368413	2265314712
856649278785236992	2265314712
837859882804076544	2265314712
793925626222809088	2265314712
3233710173	2265314712
1317420750	2265314712
855570681832116225	2265314712
837510354154356736	2265314712
845816110347960321	2265314712
854777003664388096	2265314712
848014276795224065	2265314712
783048034485665796	2265314712
731454547483348993	2265314712
737796079274594305	2265314712
824660949000937473	2265314712
833423302320324609	2265314712
853358422854692864	2265314712
3409526955	2265314712
814679548054933505	2265314712
853038108690046976	2265314712
851107783109902336	2265314712
616756219	2265314712
2903614320	2265314712
2287594404	2265314712
312278273	2265314712
558996163	2265314712
438782898	2265314712
836452248829984770	2265314712
850626345168195584	2265314712
2228205296	2265314712
839157734931070978	2265314712
798586876743581696	2265314712
4486064075	2265314712
812010021747822592	2265314712
134523659	2265314712
731599557637902341	2265314712
852655414529445888	2265314712
2305793833	2265314712
825897870641475584	2265314712
851888008265478144	2265314712
852633487584702466	2265314712
1420883611	2265314712
809507112892174337	2265314712
846764608958410778	2265314712
827051835290767360	2265314712
849263897722798080	2265314712
840360602317004804	2265314712
846116643403124736	2265314712
796609024070479873	2265314712
1367180522	2265314712
777919669219057664	2265314712
819898560594530304	2265314712
3318028847	2265314712
851825291471200256	2265314712
851484510973644800	2265314712
821775950551674883	2265314712
1699778768	2265314712
769308176290308096	2265314712
116853613	2265314712
850838867745943552	2265314712
846498407149645824	2265314712
1289726377	2265314712
4410601335	2265314712
820362097158541312	2265314712
849445840385187840	2265314712
838266487810961409	2265314712
3560162182	2265314712
847975754658979841	2265314712
825472762349252608	2265314712
845836784240091136	2265314712
845819610687528961	2265314712
837372717200519168	2265314712
845651798815920129	2265314712
2838751749	2265314712
776257404824612864	2265314712
3366722457	2265314712
153946301	2265314712
843986093175390208	2265314712
843896651253202944	2265314712
827726630294544384	2265314712
817506027251843076	2265314712
840289705459605504	2265314712
842957447249694720	2265314712
832968374024019973	2265314712
757690338047823872	2265314712
2365764391	2265314712
841688213345431554	2265314712
704420629806784514	2265314712
4279383215	2265314712
726815082034790400	2265314712
824353433167810621	2265314712
1634120803	2265314712
834802417719971841	2265314712
831312876497465344	2265314712
767464824452239360	2265314712
845830873	2265314712
804557650524454912	2265314712
2263178888	2265314712
1132736016	2265314712
783276789015703552	2265314712
730967293388148736	2265314712
734950594495021056	2265314712
739208096581595137	2265314712
300348030	2265314712
761243616555720704	2265314712
840582262303277057	2265314712
830123601730949121	2265314712
2747426239	2265314712
4099343470	2265314712
772575871861391360	2265314712
808113131352444928	2265314712
2155808748	2265314712
840751094976401408	2265314712
3931039475	2265314712
2265314712	17019152
2265314712	765728191046496256
2265314712	850891761446793217
2265314712	857264224141266945
2265314712	1053787861
2265314712	2881413023
2265314712	603924448
2265314712	1126233600
2265314712	3573426855
2265314712	2723579963
2265314712	842140745507065856
2265314712	3012730946
2265314712	782934600330903552
2265314712	2681042056
2265314712	718444044
2265314712	860482971823943680
2265314712	922422620
2265314712	794368720198057991
2265314712	633765058
2265314712	3825919845
2265314712	4928220340
2265314712	826857261444321280
2265314712	4589761589
2265314712	132094766
2265314712	1112625769
2265314712	3313876322
2265314712	849304457825456131
2265314712	2986788064
2265314712	38512990
2265314712	2840876447
2265314712	2805929705
2265314712	3026035888
2265314712	844220020242759682
2265314712	3008143599
2265314712	290356206
2265314712	2896341423
2265314712	857051232753651713
2265314712	843572444707414017
2265314712	1599320912
2265314712	855481032837038080
2265314712	2579480894
2265314712	2336611283
2265314712	735010885861773312
2265314712	153873473
2265314712	1618524348
2265314712	859910578353131520
2265314712	480845809
2265314712	741774663827619840
2265314712	793446407462060032
2265314712	852626661057200128
2265314712	847850046997528576
2265314712	859384928970178560
2265314712	2478793758
2265314712	1571881380
2265314712	635632021
2265314712	787285807002480640
2265314712	2499610034
2265314712	811849738198913024
2265314712	802538265865814021
2265314712	800385717738172416
2265314712	818265813966876672
2265314712	1275448148
2265314712	761342109169381377
2265314712	816446762768601088
2265314712	839658174508564480
2265314712	367488309
2265314712	765212182279749632
2265314712	2769350933
2265314712	922098343
2265314712	1855732825
2265314712	804520150846369792
2265314712	545414421
2265314712	858951965648318465
2265314712	3616658897
2265314712	2273063856
2265314712	825747478381223936
2265314712	3289368413
2265314712	832449845461925888
2265314712	837859882804076544
2265314712	67088892
2265314712	793925626222809088
2265314712	1287316993
2265314712	1317420750
2265314712	1491899568
2265314712	833423302320324609
2265314712	731454547483348993
2265314712	737796079274594305
2265314712	824660949000937473
2265314712	616756219
2265314712	312278273
2265314712	558996163
2265314712	438782898
2265314712	2287594404
2265314712	851888008265478144
2265314712	825897870641475584
2265314712	836452248829984770
2265314712	4486064075
2265314712	798586876743581696
2265314712	731599557637902341
2265314712	2903614320
2265314712	2305793833
2265314712	1420883611
2265314712	809507112892174337
2265314712	846764608958410778
2265314712	840360602317004804
2265314712	846116643403124736
2265314712	134523659
2265314712	1367180522
2265314712	827051835290767360
2265314712	777919669219057664
2265314712	819898560594530304
2265314712	2228205296
2265314712	821775950551674883
2265314712	1699778768
2265314712	769308176290308096
2265314712	116853613
2265314712	1289726377
2265314712	4410601335
2265314712	2818433492
2265314712	814137876552224768
2265314712	825472762349252608
2265314712	837372717200519168
2265314712	776257404824612864
2265314712	817506027251843076
2265314712	827726630294544384
2265314712	830123601730949121
2265314712	734950594495021056
2265314712	804557650524454912
2265314712	4279383215
2265314712	1132736016
2265314712	389746569
2265314712	751549860231471104
2265314712	808113131352444928
2265314712	4099343470
2265314712	300348030
2265314712	840673846210514944
2265314712	1532478162
2265314712	463914406
2265314712	821112849690927104
2265314712	3366722457
2265314712	788211860873023488
2265314712	730944263039664128
2265314712	1183734404
2265314712	3000383465
2265314712	1634120803
2265314712	832473629757579266
2265314712	799308106710810624
2265314712	194122984
2265314712	836301224320319489
2265314712	3395090986
2265314712	1343157589
2265314712	2708122665
2265314712	3131710173
2265314712	2220552961
2265314712	822928778733166601
2265314712	819935323031564288
2265314712	2760582388
2265314712	820141512654786560
2265314712	855783122
2265314712	1547172444
2265314712	502180181
2265314712	2534418215
2265314712	110077140
2265314712	800388694020493312
2265314712	3846239494
2265314712	820872161443319808
2265314712	2284052388
2265314712	2934225935
2265314712	3035496549
2265314712	2580514755
2265314712	3066104813
2265314712	4411805415
2265314712	702360592
2265314712	2844415343
2265314712	764309359438524417
2265314712	373553679
2265314712	735458413
2265314712	772308812111806464
2265314712	208309194
2265314712	2423732082
2265314712	2215165525
2265314712	812767515764031489
2265314712	725478218887757824
2265314712	936126949
2265314712	2431070312
2265314712	808512960066940928
2265314712	403759395
2265314712	168683422
2265314712	1691990058
2265314712	309403353
2265314712	4354686376
2265314712	807068357648322561
2265314712	911213438
2265314712	1878450026
2265314712	158252038
2265314712	28291765
2265314712	754146356369973248
2265314712	752681193670184960
2265314712	779494506785898496
2265314712	755554950575423488
