1611521023	2553424015
624919130	2553424015
1307692400	2553424015
864514394989920256	2553424015
1571338674	2553424015
4839013154	2553424015
2784248763	2553424015
1175454126	2553424015
732022619613069313	2553424015
1644996752	2553424015
3102889007	2553424015
739509882429288449	2553424015
2976984273	2553424015
836413912849530885	2553424015
793800440085377025	2553424015
825560009589325824	2553424015
1732983594	2553424015
732058703411601408	2553424015
728970967393947648	2553424015
4802589988	2553424015
4830370707	2553424015
2232372092	2553424015
867129968337207296	2553424015
2820698844	2553424015
3997349653	2553424015
3319989521	2553424015
750751475836395520	2553424015
771747750782185472	2553424015
721887340432646145	2553424015
864090949844160512	2553424015
4019897122	2553424015
3122056328	2553424015
4898693938	2553424015
725974214725931008	2553424015
863827004776484864	2553424015
859907464032014336	2553424015
4817576595	2553424015
3241759715	2553424015
2870658757	2553424015
1961577122	2553424015
2870818049	2553424015
3044858452	2553424015
3267101240	2553424015
733478100546269184	2553424015
3174632724	2553424015
865772356668596224	2553424015
860326745001656321	2553424015
779044458608209920	2553424015
865732887684841472	2553424015
816785226806476801	2553424015
1539487032	2553424015
3218466635	2553424015
2268869263	2553424015
772294735071358976	2553424015
2881614174	2553424015
750998967580753920	2553424015
150920918	2553424015
2896628746	2553424015
828417807754919941	2553424015
570491616	2553424015
3656458035	2553424015
748843615011483648	2553424015
807876430646349825	2553424015
588630461	2553424015
3060436341	2553424015
865740561189359617	2553424015
2505633120	2553424015
866115167377121280	2553424015
865974745778573312	2553424015
3078801092	2553424015
330381296	2553424015
800783636081479680	2553424015
1084059007	2553424015
820340020297011201	2553424015
2749706998	2553424015
2916707757	2553424015
3344127136	2553424015
709439028974768128	2553424015
1101372528	2553424015
2935186141	2553424015
815989705779085312	2553424015
1611658555	2553424015
2161246842	2553424015
862003400627679234	2553424015
779766752569884673	2553424015
820086256738693120	2553424015
2934545740	2553424015
857742141040340997	2553424015
865547790604054528	2553424015
50324720	2553424015
797174365565620224	2553424015
816672193102938113	2553424015
791146749041729538	2553424015
3229323357	2553424015
2827184660	2553424015
1198844394	2553424015
3298169071	2553424015
3120339589	2553424015
792443711074471936	2553424015
796745952371601408	2553424015
583423234	2553424015
744988935525281792	2553424015
818239662959525889	2553424015
861998880854077442	2553424015
1273284229	2553424015
796281259	2553424015
701751996471185408	2553424015
3729190095	2553424015
3302513331	2553424015
740158789530222592	2553424015
813283271983464448	2553424015
3026077318	2553424015
2188923365	2553424015
3316115861	2553424015
2785464445	2553424015
2272310934	2553424015
716738846193389568	2553424015
1604711875	2553424015
767431675496259585	2553424015
3290458515	2553424015
718589700701888512	2553424015
3687988281	2553424015
2246298448	2553424015
727139310479101952	2553424015
476252166	2553424015
4163555782	2553424015
831343555830480896	2553424015
853412777582620672	2553424015
3005578325	2553424015
3421876637	2553424015
746963678424096769	2553424015
726075350963359744	2553424015
4729566252	2553424015
4207376813	2553424015
702662163245244416	2553424015
710884423768612864	2553424015
708342542711005184	2553424015
774974791	2553424015
3175801996	2553424015
4834688373	2553424015
3143332956	2553424015
4902942964	2553424015
2900238345	2553424015
703763757030223872	2553424015
4705911799	2553424015
700840081175744513	2553424015
3874803678	2553424015
4913255893	2553424015
4727986703	2553424015
4899433026	2553424015
2228920075	2553424015
4661259017	2553424015
3408606838	2553424015
2593100382	2553424015
2655688061	2553424015
4873336049	2553424015
4867096577	2553424015
3947509865	2553424015
226287412	2553424015
4816392140	2553424015
4073872695	2553424015
3244313608	2553424015
4844815017	2553424015
4716493914	2553424015
3060268639	2553424015
4827285016	2553424015
4699101794	2553424015
3305182037	2553424015
4782310303	2553424015
2753941128	2553424015
4267235308	2553424015
2383550791	2553424015
2937801329	2553424015
1687777704	2553424015
2404772005	2553424015
3686599157	2553424015
4786134375	2553424015
3515161355	2553424015
2529164100	2553424015
4727698702	2553424015
3139489663	2553424015
398047850	2553424015
2964898895	2553424015
2728516021	2553424015
4569413123	2553424015
2950208421	2553424015
4416969074	2553424015
4071379572	2553424015
4714872194	2553424015
1093591926	2553424015
1408514526	2553424015
3234210342	2553424015
3438289330	2553424015
2778197710	2553424015
4758051755	2553424015
506715115	2553424015
4709837597	2553424015
2835340846	2553424015
3309364948	2553424015
3413363554	2553424015
2553424015	4839013154
2553424015	768424014050131968
2553424015	3782659937
2553424015	751273385875771392
2553424015	761008912887869440
2553424015	1611521023
2553424015	702372037575184385
2553424015	581084967
2553424015	820744586960261123
2553424015	821266982360076289
2553424015	1732983594
2553424015	3096679548
2553424015	861367049297285120
2553424015	2878799456
2553424015	624919130
2553424015	799265592469520388
2553424015	2957707212
2553424015	801806795400417282
2553424015	4184682260
2553424015	780063477243211776
2553424015	723991346294460416
2553424015	716861267328131072
2553424015	1138525586
2553424015	862103883258228736
2553424015	3122341366
2553424015	716448475790106628
2553424015	4687084333
2553424015	838583680872284160
2553424015	1312193593
2553424015	841455103009685504
2553424015	758825593727098881
2553424015	783838226
2553424015	2292471515
2553424015	850089625334956032
2553424015	2838490141
2553424015	4684828225
2553424015	866872635162066944
2553424015	857759167511232512
2553424015	753658446805807104
2553424015	752462654019698688
2553424015	1008255049
2553424015	4847855392
2553424015	804873219618447360
2553424015	2943647066
2553424015	1433963906
2553424015	762207037270798336
2553424015	793800440085377025
2553424015	3313657977
2553424015	746085999042826244
2553424015	2582282079
2553424015	756879955003256832
2553424015	822897822106271744
2553424015	2841047082
2553424015	2341031268
2553424015	1000598796
2553424015	167871020
2553424015	866458323922583553
2553424015	1571338674
2553424015	859907464032014336
2553424015	778032189954887681
2553424015	836413912849530885
2553424015	741057985468895234
2553424015	866902851628310529
2553424015	732022619613069313
2553424015	964201494
2553424015	2339402126
2553424015	2264650077
2553424015	4861296675
2553424015	730866297639030784
2553424015	2698198794
2553424015	701903242247192576
2553424015	763490608887521280
2553424015	2989261878
2553424015	1596100128
2553424015	1404139010
2553424015	707534219162087425
2553424015	404397061
2553424015	1046065196
2553424015	2471076374
2553424015	732058703411601408
2553424015	1055109734
2553424015	825560009589325824
2553424015	762250021479690240
2553424015	2342234287
2553424015	739509882429288449
2553424015	851236423126720513
2553424015	2233451271
2553424015	3351487948
2553424015	2665675813
2553424015	4327809132
2553424015	2839658475
2553424015	475176001
2553424015	2471530761
2553424015	1557756535
2553424015	3006105329
2553424015	842282754188353536
2553424015	390943281
2553424015	865460603384614914
2553424015	2634973170
2553424015	812825239386288128
2553424015	1175454126
2553424015	2682271794
2553424015	805507446383017984
2553424015	794354853522718720
2553424015	762147611071524864
2553424015	2997919571
2553424015	863889917503565826
2553424015	863500544131952641
2553424015	3881498073
2553424015	4775731272
2553424015	955510658
2553424015	46716559
2553424015	2976984273
2553424015	3102889007
2553424015	1676596177
2553424015	1683872454
2553424015	1644996752
2553424015	3687956057
2553424015	786595627790499842
2553424015	722763285293101056
2553424015	816932185873776640
2553424015	826514473863282690
2553424015	727187918360580097
2553424015	1958540917
2553424015	3378825981
2553424015	823887399503745024
2553424015	919734828
2553424015	760448054189228032
2553424015	1307692400
2553424015	182978861
2553424015	4704670461
2553424015	2530526044
2553424015	628194560
2553424015	2990371414
2553424015	2920088092
2553424015	716923953416114177
2553424015	3233848693
2553424015	1110860352
2553424015	1501607804
2553424015	4802589988
2553424015	836916232985071617
2553424015	867129968337207296
2553424015	867210440731840512
2553424015	3997349653
2553424015	3319989521
2553424015	1176912181
2553424015	1177216110
2553424015	2244394008
2553424015	2796459804
2553424015	2975402446
2553424015	2977352542
2553424015	3039451113
2553424015	3214303568
2553424015	3238591669
2553424015	3641476273
2553424015	4544570240
2553424015	704021276013281280
2553424015	4870958133
2553424015	703035646219149312
2553424015	4763793176
2553424015	704004748836528128
2553424015	2612617712
2553424015	750751475836395520
2553424015	728970967393947648
2553424015	791051172320841728
2553424015	4780570882
2553424015	4830370707
2553424015	775374899334479872
2553424015	721887340432646145
2553424015	769630254294044672
2553424015	258903917
2553424015	719655976882868224
2553424015	811364855219441664
2553424015	749957569251344384
2553424015	864090949844160512
2553424015	849959555677040640
2553424015	3305196260
2553424015	3255005473
2553424015	3122056328
2553424015	2949907479
2553424015	4898693938
2553424015	2860254441
2553424015	702315565784952832
2553424015	4905893482
2553424015	2278288994
2553424015	1898508042
2553424015	701935542523580417
2553424015	3294485791
2553424015	1245136938
2553424015	345647927
2553424015	2820698844
2553424015	1267625251
2553424015	4835470715
2553424015	3044435068
2553424015	2787814672
2553424015	4019897122
2553424015	2232372092
2553424015	141673299
2553424015	700866875677237256
2553424015	3002758195
