856967807099183104	27260086
867312094647013376	27260086
3329494173	27260086
866521422558101504	27260086
867310369445994496	27260086
867312174871572480	27260086
867310185425096704	27260086
2157841510	27260086
867312875013943296	27260086
867313134389866500	27260086
867311975650426881	27260086
867312991368351744	27260086
867312989963268096	27260086
867312192550514688	27260086
867312613071478784	27260086
867312751927992320	27260086
867312933654724608	27260086
867312684173336576	27260086
867312891216646144	27260086
867312726758096896	27260086
867312682927632384	27260086
867311785749102593	27260086
822900941762478080	27260086
867312392354615296	27260086
867313097945489408	27260086
867313081029861376	27260086
867312485270933505	27260086
867312346414411777	27260086
867312629584453633	27260086
867312662501220352	27260086
867312612064841730	27260086
867312522365456384	27260086
867312539625037824	27260086
867312487372394496	27260086
865653236056834051	27260086
867093828834119684	27260086
867117918873501696	27260086
867311727607771136	27260086
867312828537069568	27260086
867312874296705025	27260086
867312384142041089	27260086
867312846333513728	27260086
4196360422	27260086
867312503256207360	27260086
867312599314055170	27260086
842358252859994114	27260086
867306814056132608	27260086
867102940837715969	27260086
867312727886372864	27260086
867308859429224448	27260086
867312768457875456	27260086
867312759008100352	27260086
867312861206335489	27260086
867312617282564096	27260086
867312462533668864	27260086
867312272389152768	27260086
867287976295792640	27260086
867312565268959233	27260086
867312753811243010	27260086
867312239128084480	27260086
