816641094616236032	274775846
415836996	274775846
709665060730179584	274775846
842776873364934656	274775846
22099720	274775846
2812971281	274775846
708382452721524736	274775846
833741445534195717	274775846
768916454070595584	274775846
834598990607949825	274775846
737087425420394497	274775846
809384707699970051	274775846
831843356959453184	274775846
4697598086	274775846
60985747	274775846
861912804412010497	274775846
3369385011	274775846
374534882	274775846
853377089181020160	274775846
744817821369040896	274775846
815695865318899712	274775846
378093011	274775846
778558158289694720	274775846
475315818	274775846
217531831	274775846
820927390901669888	274775846
735106266301882368	274775846
828351397066321920	274775846
749038067747590144	274775846
858919919408340993	274775846
834967792470253568	274775846
4112261944	274775846
2185122124	274775846
1372364840	274775846
4832549112	274775846
861436018288979971	274775846
851193339680624643	274775846
1175697056	274775846
753895246300413952	274775846
851823787720941569	274775846
220854510	274775846
797257949555097600	274775846
383025549	274775846
724459502603366400	274775846
1241050146	274775846
29515132	274775846
1127625014	274775846
817706342139904000	274775846
326263886	274775846
132021364	274775846
303940308	274775846
114645501	274775846
851854988188037121	274775846
2892956962	274775846
1236987252	274775846
1389624325	274775846
2327579196	274775846
853237350083821568	274775846
850059555346272257	274775846
804527870261411840	274775846
3400146519	274775846
429382099	274775846
701800355152187393	274775846
111629009	274775846
4731392336	274775846
786986295499300864	274775846
722103775360585728	274775846
33401304	274775846
861645927215493120	274775846
805524458081554437	274775846
855323561547898880	274775846
718414187777499136	274775846
760027637540610048	274775846
2610936925	274775846
824296898999812096	274775846
3053275990	274775846
3270640927	274775846
792703633	274775846
697963668495953920	274775846
812753104621944832	274775846
3022314943	274775846
848479625286041600	274775846
3020943910	274775846
75051887	274775846
784873431393271808	274775846
723814278684250112	274775846
863774828133789699	274775846
847091596059443200	274775846
835291610745200640	274775846
744949711786774529	274775846
855265618043346949	274775846
727132895492640768	274775846
798954703891628032	274775846
4724566311	274775846
757789096550903809	274775846
770289270	274775846
3294764870	274775846
817051809529229312	274775846
4008204761	274775846
731164510489313280	274775846
4794295272	274775846
714202855666794496	274775846
771877364	274775846
852018397680291841	274775846
784098485477990400	274775846
3864899524	274775846
257451264	274775846
695969240130678784	274775846
16816972	274775846
859140077405978625	274775846
38570287	274775846
740823539654230016	274775846
855489466722635776	274775846
129247241	274775846
17058186	274775846
8071902	274775846
806488422567333889	274775846
845240030654291968	274775846
368594496	274775846
149176270	274775846
815134878559825920	274775846
721842179270774784	274775846
193424928	274775846
852765762527744000	274775846
858583906202800128	274775846
831874289074847744	274775846
1343696400	274775846
855327247984611328	274775846
155201220	274775846
2170986594	274775846
859704897297555456	274775846
357251278	274775846
858329467525181441	274775846
855452941	274775846
4723581259	274775846
1629244514	274775846
3010980623	274775846
852511173417238528	274775846
818516030746148864	274775846
864927037	274775846
1351095835	274775846
2358594121	274775846
3535936754	274775846
1953922075	274775846
500351042	274775846
863574490068004864	274775846
3380271472	274775846
25828514	274775846
1035684055	274775846
801412831904198657	274775846
2813548333	274775846
3356719785	274775846
210636701	274775846
783921947876978688	274775846
813768185958768640	274775846
2838339189	274775846
2828170500	274775846
196955123	274775846
3939714441	274775846
3429925575	274775846
823524284979101696	274775846
782574080839090176	274775846
772575352895987713	274775846
764471899221098496	274775846
1114266096	274775846
4870444589	274775846
2994091773	274775846
859226047727902720	274775846
296096260	274775846
2182227788	274775846
74902290	274775846
3173831155	274775846
858821639382937600	274775846
906443892	274775846
43192340	274775846
756914787091558400	274775846
2286189025	274775846
2586834118	274775846
3224717928	274775846
819980445454475264	274775846
738195476357480448	274775846
95188073	274775846
859691462732251136	274775846
109278859	274775846
862614748600446976	274775846
788976144494137344	274775846
739060253526986752	274775846
40136559	274775846
3223130652	274775846
735674294974320640	274775846
1132847964	274775846
15455253	274775846
821156062141288449	274775846
862780497335812096	274775846
4831642486	274775846
3016259465	274775846
21932585	274775846
793182892893544448	274775846
4256304314	274775846
855445846648815617	274775846
274775846	850415810723979264
274775846	27228928
274775846	35016321
274775846	314243234
274775846	61153399
274775846	274136152
274775846	41957116
274775846	90408018
274775846	450812087
274775846	22099720
274775846	128867695
274775846	842776873364934656
274775846	853524109929709568
274775846	626840066
274775846	415836996
274775846	833741445534195717
274775846	768916454070595584
274775846	834598990607949825
274775846	3006378024
274775846	708382452721524736
274775846	2812971281
274775846	345984121
274775846	531746509
274775846	714974802
274775846	786806348
274775846	816065821
274775846	1219144500
274775846	1356992605
274775846	23039411
274775846	972909709
274775846	880259844
274775846	113344545
274775846	581649432
274775846	1149638491
274775846	4909902060
274775846	737087425420394497
274775846	295315742
274775846	809384707699970051
274775846	3044672439
274775846	776985371938652160
274775846	3290377402
274775846	33422500
274775846	847094738838831104
274775846	831843356959453184
274775846	213376204
274775846	17820652
274775846	1281084660
274775846	839282672224567297
274775846	815695865318899712
274775846	378093011
274775846	778558158289694720
274775846	475315818
274775846	217531831
274775846	820927390901669888
274775846	735106266301882368
274775846	828351397066321920
274775846	858919919408340993
274775846	834967792470253568
274775846	4112261944
274775846	3292717145
274775846	2185122124
274775846	1372364840
274775846	744817821369040896
274775846	374534882
274775846	3369385011
274775846	3172632841
274775846	2980848424
274775846	832149409102172160
274775846	731892257859608577
274775846	863806017481711616
274775846	24872437
274775846	4697598086
274775846	60985747
274775846	861912804412010497
274775846	853377089181020160
274775846	861436018288979971
274775846	851193339680624643
274775846	753895246300413952
274775846	851823787720941569
274775846	797257949555097600
274775846	724459502603366400
274775846	74408465
274775846	3677742792
274775846	29515132
274775846	749038067747590144
274775846	1127625014
274775846	303940308
274775846	818128487978385409
274775846	817706342139904000
274775846	326263886
274775846	132021364
274775846	114645501
274775846	1175697056
274775846	834064558474010625
274775846	2964412118
274775846	383025549
274775846	785952147292557312
274775846	111629009
274775846	786986295499300864
274775846	722103775360585728
274775846	861320485719638017
274775846	967682941
274775846	804527870261411840
274775846	220854510
274775846	850059555346272257
274775846	853237350083821568
274775846	2327579196
274775846	508666286
274775846	1140317568
274775846	326310125
274775846	754317621877538816
274775846	851854988188037121
274775846	222910945
274775846	4874313803
274775846	847351580059852801
274775846	808980932321366017
274775846	701800355152187393
274775846	19581930
274775846	2877190033
274775846	3871372757
274775846	805524458081554437
274775846	861645927215493120
274775846	2432758944
274775846	33401304
274775846	2719259358
274775846	543812256
274775846	425926354
274775846	1236987252
274775846	33252526
274775846	793560090846629890
274775846	35298369
274775846	2815413821
274775846	906676314
274775846	3772910893
274775846	30108558
274775846	1606609226
274775846	859094385589407745
274775846	20944353
274775846	603677431
274775846	2203587949
274775846	848743428
274775846	425607808
274775846	37704159
274775846	3400146519
274775846	39999101
274775846	1158818179
274775846	2892956962
274775846	726503840833359872
274775846	174364469
274775846	4847284887
274775846	4894340553
274775846	4848068733
274775846	2864211329
274775846	2322359952
274775846	798478960094916608
274775846	764821491829575680
274775846	429382099
274775846	3254996988
274775846	29225536
274775846	810408393668235264
274775846	820582794531368961
274775846	810129615322775552
274775846	863415730515185669
274775846	751722272646434820
274775846	2692765586
274775846	1241050146
274775846	1389624325
274775846	4731392336
274775846	4832549112
274775846	4831191009
274775846	702257005596188675
274775846	702932077923139584
274775846	827479395682152456
274775846	3270640927
274775846	760027637540610048
274775846	2610936925
274775846	3053275990
274775846	804658123248205824
274775846	718414187777499136
274775846	855323561547898880
274775846	38987891
274775846	2828333670
274775846	1922054466
274775846	34761502
274775846	734670490279632896
274775846	4597818194
274775846	792703633
274775846	3022314943
274775846	848479625286041600
274775846	812753104621944832
274775846	697963668495953920
274775846	3020943910
274775846	75051887
274775846	784873431393271808
274775846	723814278684250112
274775846	863774828133789699
274775846	847091596059443200
274775846	835291610745200640
274775846	744949711786774529
274775846	727132895492640768
