803287948984664064	2812971281
824751189434781697	2812971281
2398382348	2812971281
867257098190561280	2812971281
779132235266060289	2812971281
274775846	2812971281
2999509771	2812971281
865686428965101568	2812971281
260573709	2812971281
752697920315592705	2812971281
66241875	2812971281
1541793876	2812971281
702855290706903041	2812971281
769559125	2812971281
2724785226	2812971281
418278445	2812971281
556480922	2812971281
107128930	2812971281
2890442844	2812971281
2417463198	2812971281
263976254	2812971281
210099650	2812971281
2366383956	2812971281
2266361772	2812971281
2564308752	2812971281
742569450	2812971281
2149060300	2812971281
488063100	2812971281
762104031896535040	2812971281
463124584	2812971281
713834137	2812971281
452223741	2812971281
466002632	2812971281
1401104137	2812971281
495187074	2812971281
867218313172197377	2812971281
1290116569	2812971281
731603003891953664	2812971281
867206281420865537	2812971281
866625557517275136	2812971281
183345483	2812971281
4589839528	2812971281
725880634959388672	2812971281
83967022	2812971281
2861136676	2812971281
190906140	2812971281
535658074	2812971281
867133200358752256	2812971281
3150836215	2812971281
2196405742	2812971281
867114150320902145	2812971281
867110956081524736	2812971281
867092148088430592	2812971281
867075819977535489	2812971281
824442988680085504	2812971281
867055425144975360	2812971281
53475513	2812971281
789557871142776832	2812971281
867025854509047808	2812971281
3379594437	2812971281
867014584581988352	2812971281
4761317450	2812971281
866165832220639234	2812971281
2571477314	2812971281
819038309213057025	2812971281
860235116098072577	2812971281
2930357286	2812971281
43291582	2812971281
831108447613579266	2812971281
3275201101	2812971281
581946745	2812971281
2281046318	2812971281
601754127	2812971281
854890932877045761	2812971281
299528277	2812971281
528657463	2812971281
712970766	2812971281
1671750091	2812971281
1720190718	2812971281
1179169585	2812971281
2244367523	2812971281
2434713401	2812971281
864441836026290178	2812971281
866880256350834688	2812971281
764107069892988928	2812971281
2482758534	2812971281
375421812	2812971281
525886970	2812971281
812449287783071744	2812971281
1916055156	2812971281
1093431853	2812971281
853121474890280961	2812971281
446471387	2812971281
3313318454	2812971281
272524107	2812971281
736240728678928384	2812971281
866864154510012416	2812971281
859387380742053888	2812971281
133277407	2812971281
3009738306	2812971281
857619919	2812971281
866847642936107009	2812971281
866529875540279296	2812971281
865042092577443841	2812971281
1925117094	2812971281
4773171174	2812971281
812902940835016704	2812971281
1499909796	2812971281
839997415306362880	2812971281
835382485743611904	2812971281
103888057	2812971281
866365340636266496	2812971281
2613048489	2812971281
3011875913	2812971281
711172928868651008	2812971281
866685565344903169	2812971281
98587096	2812971281
866677431171788800	2812971281
866169895473512448	2812971281
866668510914719745	2812971281
753901332407341056	2812971281
2492210684	2812971281
2606127325	2812971281
805766747785547778	2812971281
742864885197856768	2812971281
866619115137576960	2812971281
308078661	2812971281
852745689364811776	2812971281
195195253	2812971281
2993613293	2812971281
135782207	2812971281
861810482591801345	2812971281
861946462954979328	2812971281
866505554197336064	2812971281
3036854995	2812971281
813796075240722432	2812971281
862628866111799296	2812971281
383050104	2812971281
744975962572349444	2812971281
2758322829	2812971281
834077298462687233	2812971281
803012260721528832	2812971281
772863557734047744	2812971281
4422250103	2812971281
811056848308535296	2812971281
3227843172	2812971281
519112151	2812971281
811271658	2812971281
1004874961	2812971281
4661672154	2812971281
473611971	2812971281
335319882	2812971281
856158165393702913	2812971281
866501345918025728	2812971281
28992520	2812971281
748901246	2812971281
3773080217	2812971281
740948734607949824	2812971281
855651268823482372	2812971281
778779308936396800	2812971281
849426418421432321	2812971281
2412069560	2812971281
406788417	2812971281
2335571214	2812971281
197225215	2812971281
866495057318354944	2812971281
861771696197455872	2812971281
812156634	2812971281
723672452459565056	2812971281
866497013109608452	2812971281
2931980360	2812971281
168184619	2812971281
1906293576	2812971281
147445927	2812971281
828125773072527360	2812971281
3078991084	2812971281
866497585242152960	2812971281
1489466934	2812971281
4093022117	2812971281
25207454	2812971281
1036153794	2812971281
757735472042905600	2812971281
2480598756	2812971281
2548711484	2812971281
866490928113999872	2812971281
866488072426401792	2812971281
866472442583187458	2812971281
866446168053751808	2812971281
835233193712300033	2812971281
738148029803302913	2812971281
721388832252411904	2812971281
603337101	2812971281
889701223	2812971281
861126350232596480	2812971281
838580414033735680	2812971281
707373082483097600	2812971281
866365214672990208	2812971281
866361961256173568	2812971281
866359723502706688	2812971281
4855180312	2812971281
2812971281	490989832
2812971281	39421460
2812971281	2877987391
2812971281	2568270758
2812971281	981750980
2812971281	84494464
2812971281	932618034
2812971281	602456804
2812971281	544250839
2812971281	749682787
2812971281	764865750465032194
2812971281	848464915
2812971281	859802603378495490
2812971281	828061123
2812971281	71612253
2812971281	1007951948
2812971281	2448442384
2812971281	767584736726421504
2812971281	3106335791
2812971281	1237199762
2812971281	367607813
2812971281	758896560239353856
2812971281	496440237
2812971281	3038543550
2812971281	433785700
2812971281	2790422814
2812971281	2638805188
2812971281	1140613531
2812971281	321982025
2812971281	1697437656
2812971281	559837340
2812971281	2929330766
2812971281	1206180830
2812971281	319835573
2812971281	817381
2812971281	739543206304485376
2812971281	2733652860
2812971281	2958016481
2812971281	227175733
2812971281	2231584570
2812971281	3171379670
2812971281	503934863
2812971281	2349404526
2812971281	630823701
2812971281	432169613
2812971281	305648573
2812971281	4886473316
2812971281	2200533151
2812971281	3246309079
2812971281	548198437
2812971281	1378441824
2812971281	463836225
2812971281	4548150819
2812971281	3101735954
2812971281	2489363683
2812971281	494404871
2812971281	393058231
2812971281	2308904487
2812971281	846091411
2812971281	2615540822
2812971281	2205904940
2812971281	2640161058
2812971281	111926274
2812971281	924888768
2812971281	446722572
2812971281	81482096
2812971281	863835156
2812971281	952710031
2812971281	374334775
2812971281	113968513
2812971281	2727809074
2812971281	160436590
2812971281	419345219
2812971281	2471556312
2812971281	795632581731635201
2812971281	154392199
2812971281	1183017097
2812971281	208691905
2812971281	239363097
2812971281	1376948036
2812971281	1406299508
2812971281	2349512706
2812971281	2562525818
2812971281	3239674683
2812971281	1541793876
2812971281	794657009790550017
2812971281	1161318756
2812971281	3119137076
2812971281	2998663161
2812971281	63185751
2812971281	357051282
2812971281	3634271369
2812971281	2194972986
2812971281	4595235974
2812971281	353454560
2812971281	33621293
2812971281	3045501805
2812971281	594837932
2812971281	818371014
2812971281	720716154537291776
2812971281	850392324
2812971281	130009619
2812971281	2880133508
2812971281	2634629898
2812971281	2788614811
2812971281	2262346026
2812971281	27962216
2812971281	745903314659868673
2812971281	928720357
2812971281	2257372926
2812971281	252386355
2812971281	281748388
2812971281	2173947735
2812971281	255847876
2812971281	3074050881
2812971281	2887698966
2812971281	355084600
2812971281	486075152
2812971281	878157956
2812971281	1571806717
2812971281	503963030
2812971281	3281040488
2812971281	4171945414
2812971281	3193632825
2812971281	3948559223
2812971281	2520613866
2812971281	1591883976
2812971281	786434709014384644
2812971281	479120426
2812971281	2574213552
2812971281	327716573
2812971281	1377475076
2812971281	2336972953
2812971281	446688198
2812971281	1049367949
2812971281	449440200
2812971281	94924792
2812971281	4843297053
2812971281	851747522
2812971281	166011790
2812971281	769559125
2812971281	848325053020332032
2812971281	1378339530
2812971281	51469969
2812971281	2692899021
2812971281	605591022
2812971281	2525681672
2812971281	3252130987
2812971281	714683968554143744
2812971281	3054217429
2812971281	541344471
2812971281	3011609003
2812971281	111762542
2812971281	2493763325
2812971281	2203430524
2812971281	284782061
2812971281	738502349958844416
2812971281	321097572
2812971281	307620621
2812971281	317162982
2812971281	19202748
2812971281	711022670
2812971281	1180830300
2812971281	1723016516
2812971281	1326204697
2812971281	529643569
2812971281	3400129409
2812971281	225930445
2812971281	324075881
2812971281	2462539040
2812971281	103897087
2812971281	2218218120
2812971281	4647814996
2812971281	1666661456
2812971281	1454222712
2812971281	98076407
2812971281	288512541
2812971281	2406651589
2812971281	342102798
2812971281	509470488
