231524805	2855864495
1219546759	2855864495
827369537515446272	2855864495
4434095194	2855864495
750935311128137729	2855864495
4843073398	2855864495
2711797568	2855864495
429395547	2855864495
111008263	2855864495
127762274	2855864495
2799140775	2855864495
859222449120047105	2855864495
851343201877151744	2855864495
3415995760	2855864495
966195276	2855864495
860867766538051584	2855864495
42916923	2855864495
864488854019067904	2855864495
856024843053027328	2855864495
1426607294	2855864495
836661941770706944	2855864495
758825465742188545	2855864495
3732465137	2855864495
831206394653188099	2855864495
748166953554968576	2855864495
220840627	2855864495
1681786105	2855864495
401989810	2855864495
244615956	2855864495
1909860139	2855864495
2699544835	2855864495
2947378210	2855864495
712882929442009088	2855864495
2360054304	2855864495
19473984	2855864495
257294613	2855864495
2269856953	2855864495
3091442709	2855864495
1126974925	2855864495
3225389490	2855864495
3225389490	2855864495
867539218922450944	2855864495
857691435176312832	2855864495
811017091000242176	2855864495
3065618762	2855864495
839562794475405313	2855864495
878928229	2855864495
519932472	2855864495
841861508942450688	2855864495
766807738630275072	2855864495
365195406	2855864495
4705764139	2855864495
245677313	2855864495
800177168831479808	2855864495
329708494	2855864495
524272959	2855864495
854444374381522946	2855864495
805950693001613312	2855864495
4123343956	2855864495
282119102	2855864495
867371667239993345	2855864495
2182901815	2855864495
4584142817	2855864495
3268594772	2855864495
805984384574717952	2855864495
3663064874	2855864495
4714083918	2855864495
803829614032330756	2855864495
867233333390041088	2855864495
14888632	2855864495
2653191071	2855864495
451148193	2855864495
1692812516	2855864495
785645239402766336	2855864495
834161547844935680	2855864495
17049516	2855864495
2428776326	2855864495
50853004	2855864495
867509838229770241	2855864495
4825967482	2855864495
725357039879344134	2855864495
760687070117523456	2855864495
707783246075924481	2855864495
166199132	2855864495
761236397235855360	2855864495
825052944995385350	2855864495
852644467358265345	2855864495
19957626	2855864495
3179980644	2855864495
3016194356	2855864495
2848696300	2855864495
128426866	2855864495
842153292813619200	2855864495
2969067533	2855864495
751621398720688128	2855864495
805322573701677056	2855864495
2853790427	2855864495
788948122432974849	2855864495
4736449474	2855864495
4824525858	2855864495
232773102	2855864495
798967593503600640	2855864495
396322697	2855864495
356536178	2855864495
823850945561956352	2855864495
793417877323866112	2855864495
3167970557	2855864495
754549736	2855864495
797223420081688576	2855864495
2732572187	2855864495
2323452770	2855864495
738542257133879297	2855864495
826097871367778304	2855864495
2207587483	2855864495
558824615	2855864495
156675557	2855864495
821685658494308352	2855864495
768018719784263681	2855864495
845466229	2855864495
798529144237813760	2855864495
833553477687189504	2855864495
142365146	2855864495
4744532287	2855864495
18927928	2855864495
838942964600688643	2855864495
46736463	2855864495
1950275317	2855864495
476899843	2855864495
87768938	2855864495
148374969	2855864495
3432021017	2855864495
789868322280144896	2855864495
823385908913336320	2855864495
2994864390	2855864495
745117401168023552	2855864495
3388836693	2855864495
114231849	2855864495
90840796	2855864495
34274087	2855864495
292976336	2855864495
4533072494	2855864495
3292846404	2855864495
76351011	2855864495
394984145	2855864495
773529245637308416	2855864495
21044423	2855864495
562487550	2855864495
818912887	2855864495
808469762309136384	2855864495
2482716204	2855864495
17397678	2855864495
265437427	2855864495
2499516042	2855864495
810648160158654464	2855864495
73500156	2855864495
385920683	2855864495
1441054742	2855864495
713018301635407872	2855864495
5800582	2855864495
2573440922	2855864495
92774097	2855864495
2361686154	2855864495
2984490692	2855864495
26868516	2855864495
2616330140	2855864495
480777445	2855864495
837478237706072065	2855864495
1957591434	2855864495
857061510039953408	2855864495
722472726162571266	2855864495
2834177727	2855864495
2256955303	2855864495
743897238162804736	2855864495
131307624	2855864495
714191614995013633	2855864495
2318993900	2855864495
775094898781487108	2855864495
2183174624	2855864495
864207810015494148	2855864495
807079696882089984	2855864495
818808223851495424	2855864495
779123423054327809	2855864495
2791349576	2855864495
29981539	2855864495
819209883954413569	2855864495
485076193	2855864495
4839351282	2855864495
823574578421108737	2855864495
334886923	2855864495
532485646	2855864495
14628120	2855864495
816564078	2855864495
366370727	2855864495
912988580	2855864495
525586036	2855864495
853392657384710145	2855864495
250876081	2855864495
710931795517313030	2855864495
1030690410	2855864495
205907455	2855864495
2855864495	860730729591963648
2855864495	789104098633142272
2855864495	271652354
2855864495	928447328
2855864495	747405959568429056
2855864495	307175520
2855864495	66600327
2855864495	269353344
2855864495	859274543826845696
2855864495	2433606480
2855864495	12663812
2855864495	4827697633
2855864495	2450314207
2855864495	4051200673
2855864495	184904077
2855864495	41667825
2855864495	21535290
2855864495	2412505514
2855864495	2791824085
2855864495	22635623
2855864495	864284435419512832
2855864495	3420255579
2855864495	755415029277683712
2855864495	67388819
2855864495	16076317
2855864495	281640521
2855864495	72078325
2855864495	1726353152
2855864495	347378565
2855864495	48029063
2855864495	1062300091
2855864495	467245391
2855864495	4104800652
2855864495	4352173993
2855864495	2967070170
2855864495	892288752
2855864495	484162202
2855864495	2693592132
2855864495	2521398268
2855864495	3294132559
2855864495	3342880073
2855864495	863528809
2855864495	240863364
2855864495	439476398
2855864495	23412322
2855864495	78937622
2855864495	3378946552
2855864495	1186021086
2855864495	2223438878
2855864495	1115325806
2855864495	23795962
2855864495	833705644259696641
2855864495	87461478
2855864495	16364647
2855864495	18802733
2855864495	831198548
2855864495	842174780010831874
2855864495	1924446450
2855864495	1397607673
2855864495	17327750
2855864495	2352573318
2855864495	349767812
2855864495	746003107
2855864495	475032387
2855864495	775144264103763968
2855864495	573555289
2855864495	2963201112
2855864495	531407167
2855864495	83665576
2855864495	22175745
2855864495	118736324
2855864495	382611965
2855864495	732677503739932672
2855864495	852225736362663943
2855864495	4636486336
2855864495	400026832
2855864495	30984711
2855864495	21744843
2855864495	282655900
2855864495	3096566820
2855864495	54938044
2855864495	738526609565614081
2855864495	815420772470517761
2855864495	46183947
2855864495	2746284757
2855864495	708359515595341824
2855864495	311248754
2855864495	1722381456
2855864495	34675406
2855864495	748359303799549956
2855864495	811665122817146881
2855864495	263120330
2855864495	3892525937
2855864495	1003477903
2855864495	3654153077
2855864495	230261129
2855864495	3131338163
2855864495	168771056
2855864495	764254695057522689
2855864495	544562979
2855864495	760112836433575936
2855864495	152020924
2855864495	856823571762556929
2855864495	192557923
2855864495	281318287
2855864495	150895082
2855864495	846199758
2855864495	856417811849203712
2855864495	2886807514
2855864495	336642868
2855864495	319031731
2855864495	952908222
2855864495	781126381430120448
2855864495	756601531756142592
2855864495	20863911
2855864495	59490555
2855864495	89059502
2855864495	2350172216
2855864495	41436862
2855864495	50257920
2855864495	856912324468367361
2855864495	68591173
2855864495	724699343555596288
2855864495	28585451
2855864495	725349484268494852
2855864495	829049318460051458
2855864495	831179525316833280
2855864495	806200139136241664
2855864495	3908198901
2855864495	2949303205
2855864495	3107884520
2855864495	2839511314
2855864495	15918415
2855864495	330726048
2855864495	787072922372321280
2855864495	26337363
2855864495	125714051
2855864495	828270606978260993
2855864495	18195110
2855864495	422961479
2855864495	1601906090
2855864495	4434095194
2855864495	108073960
2855864495	4122261443
2855864495	114748605
2855864495	4027196877
2855864495	377352878
2855864495	2841217869
2855864495	17931026
2855864495	3825281662
2855864495	601455815
2855864495	25346006
2855864495	3731080036
2855864495	778356058616193024
2855864495	17689631
2855864495	36033359
2855864495	2567935885
2855864495	210352958
2855864495	21568162
2855864495	741840008500391936
2855864495	61904111
2855864495	625780336
2855864495	2711436085
2855864495	270112367
2855864495	741393440856903681
2855864495	106783888
2855864495	823593062240817152
2855864495	17114128
2855864495	231524805
2855864495	2822234504
2855864495	4730217577
2855864495	721254719717564416
2855864495	496560509
2855864495	14245947
2855864495	3353859467
2855864495	15583026
2855864495	3040979902
2855864495	20170166
2855864495	1875180752
2855864495	1726336884
2855864495	2613564757
2855864495	196232616
2855864495	809174725922615296
2855864495	2404905984
2855864495	3305618242
2855864495	3911126056
2855864495	742781588698714113
2855864495	17497986
2855864495	2799140775
2855864495	569499564
2855864495	59317853
2855864495	14414730
2855864495	272089711
2855864495	62928920
2855864495	2756701598
2855864495	2240209615
2855864495	223623226
2855864495	742390151226249216
2855864495	600907138
2855864495	2172154100
