799346126738620416	3319057562
1567000182	3319057562
615232937	3319057562
54719877	3319057562
794385934280232963	3319057562
487579744	3319057562
144528593	3319057562
3232004466	3319057562
791569791454765056	3319057562
1305930013	3319057562
866780306724052992	3319057562
206980028	3319057562
2883999330	3319057562
859620306968875009	3319057562
859875069979504641	3319057562
3022520109	3319057562
193756277	3319057562
160650487	3319057562
944634739	3319057562
766092566542548992	3319057562
860878942445502469	3319057562
859116498304077824	3319057562
3183648210	3319057562
1009151846	3319057562
205957912	3319057562
2206150680	3319057562
846611670306766848	3319057562
859528730213052420	3319057562
752607727243829248	3319057562
802450499157000192	3319057562
127657051	3319057562
861263074325659649	3319057562
862100882313359360	3319057562
829883470822461440	3319057562
1532450725	3319057562
864899664985935872	3319057562
2522728778	3319057562
2279483629	3319057562
831374535299526656	3319057562
859547787633070081	3319057562
864469465462910976	3319057562
830902479302836225	3319057562
3076422017	3319057562
849944453846519808	3319057562
863635373414633474	3319057562
838168775035846657	3319057562
829187888847937537	3319057562
862473058212343808	3319057562
822890602354319360	3319057562
860963502718144513	3319057562
3657232877	3319057562
2838183853	3319057562
1564239114	3319057562
860606987700244484	3319057562
1569301536	3319057562
731138821404958720	3319057562
801529694617305088	3319057562
848258127233527808	3319057562
859057616521187328	3319057562
630697155	3319057562
859556820893020160	3319057562
861006620284866561	3319057562
3145305068	3319057562
2798643029	3319057562
843311249077211136	3319057562
1335329694	3319057562
839593575620935681	3319057562
4389914302	3319057562
788880840683982849	3319057562
370715601	3319057562
4854596206	3319057562
2855892677	3319057562
772059244053028865	3319057562
855063915063123968	3319057562
826760210257678337	3319057562
350406905	3319057562
860139150757986305	3319057562
1597062367	3319057562
859900546429464578	3319057562
851040151040126976	3319057562
837265291574796289	3319057562
849405833091874816	3319057562
837031071422218240	3319057562
2873001177	3319057562
793534622730637312	3319057562
782271893151756288	3319057562
759167493164273665	3319057562
3447508162	3319057562
830217993405812738	3319057562
3193177882	3319057562
3366375988	3319057562
859056085885476864	3319057562
740728622483447808	3319057562
2798953459	3319057562
4637464174	3319057562
859155229031489537	3319057562
858948956398788609	3319057562
856996889740402689	3319057562
223625094	3319057562
810924495003406337	3319057562
4745342940	3319057562
4709809878	3319057562
3846547679	3319057562
3325879649	3319057562
3394827209	3319057562
1938587538	3319057562
1135955965	3319057562
821869975	3319057562
859142814936031237	3319057562
767178539166736384	3319057562
847930074288599041	3319057562
429437057	3319057562
1393539708	3319057562
805241874789367808	3319057562
797943815453704193	3319057562
37971624	3319057562
829939401039892480	3319057562
851491701856325632	3319057562
858874552826433538	3319057562
1436111970	3319057562
815534830142169088	3319057562
798586876743581696	3319057562
852381299700576256	3319057562
258052851	3319057562
3225933227	3319057562
814679548054933505	3319057562
855589195569651713	3319057562
1973257657	3319057562
2730447874	3319057562
756466685264232448	3319057562
3370290040	3319057562
722893830303821827	3319057562
2257352688	3319057562
821775950551674883	3319057562
4758251369	3319057562
792191002127716352	3319057562
851348379728830464	3319057562
4839597263	3319057562
524974387	3319057562
804041549592035328	3319057562
833379480525627392	3319057562
1621443660	3319057562
3132261226	3319057562
849252703398051840	3319057562
752532828311748608	3319057562
810333311792975872	3319057562
848516288951578625	3319057562
1855732825	3319057562
818904481949683713	3319057562
848184363179282436	3319057562
2974120571	3319057562
2620971789	3319057562
2519922833	3319057562
840801691217752066	3319057562
844648673581678596	3319057562
1367180522	3319057562
787285807002480640	3319057562
729921650	3319057562
813432153774190593	3319057562
722437108804227076	3319057562
840933083297783808	3319057562
296362137	3319057562
834427303505588224	3319057562
734457817839603712	3319057562
3392983511	3319057562
4905288196	3319057562
822343249956311040	3319057562
2511550373	3319057562
815615711569551360	3319057562
3319057562	1567000182
3319057562	766092566542548992
3319057562	824463303216730114
3319057562	487579744
3319057562	45709328
3319057562	40101400
3319057562	17019152
3319057562	3232004466
3319057562	1007298607
3319057562	3316062693
3319057562	315892303
3319057562	16234029
3319057562	768937959374684161
3319057562	1305930013
3319057562	866780306724052992
3319057562	206980028
3319057562	705050815086505984
3319057562	813841407710560256
3319057562	2883999330
3319057562	859620306968875009
3319057562	9695312
3319057562	4636797805
3319057562	1320809844
3319057562	259246193
3319057562	859875069979504641
3319057562	2460677856
3319057562	475523880
3319057562	807972643966062592
3319057562	2277047937
3319057562	791569791454765056
3319057562	51530353
3319057562	3022520109
3319057562	1185010110
3319057562	96877126
3319057562	193756277
3319057562	3484409532
3319057562	497251254
3319057562	160650487
3319057562	795086672878768128
3319057562	44011261
3319057562	4875335260
3319057562	777188832928071684
3319057562	859116498304077824
3319057562	860504307665391616
3319057562	858077580687286272
3319057562	713423721176940545
3319057562	944634739
3319057562	814141135132172288
3319057562	3183648210
3319057562	859175600715706368
3319057562	1260582144
3319057562	741457006884757504
3319057562	715718820959272960
3319057562	2844415343
3319057562	782931422210363392
3319057562	615232937
3319057562	3925954623
3319057562	2895779897
3319057562	752607727243829248
3319057562	863350328762130433
3319057562	842668688931094529
3319057562	301927143
3319057562	859528730213052420
3319057562	860878942445502469
3319057562	834026330949685249
3319057562	2206150680
3319057562	829280615124041729
3319057562	846611670306766848
3319057562	1009151846
3319057562	837694671346348032
3319057562	809374932
3319057562	164194743
3319057562	127657051
3319057562	802450499157000192
3319057562	2354028950
3319057562	464454076
3319057562	3233031642
3319057562	3251218345
3319057562	816914108
3319057562	861263074325659649
3319057562	2522728778
3319057562	813512213621276672
3319057562	850891761446793217
3319057562	862100882313359360
3319057562	3803635995
3319057562	4077556810
3319057562	814563528640184320
3319057562	734158188312940544
3319057562	1532450725
3319057562	718129885961527296
3319057562	1117347607
3319057562	3390398213
3319057562	841139515649605632
3319057562	829883470822461440
3319057562	2279483629
3319057562	864899664985935872
3319057562	269584053
3319057562	3294193286
3319057562	4498242977
3319057562	1112402064
3319057562	831374535299526656
3319057562	851968933972377600
3319057562	859547787633070081
3319057562	864469465462910976
3319057562	717910585573261312
3319057562	53338746
3319057562	4758425554
3319057562	3318125657
3319057562	830902479302836225
3319057562	57107167
3319057562	91946403
3319057562	849944453846519808
3319057562	3076422017
3319057562	725599416904622080
3319057562	84279963
3319057562	158314798
3319057562	105119490
3319057562	2507773418
3319057562	768219641760002048
3319057562	1059779545
3319057562	827130223649030145
3319057562	1182530000
3319057562	782017518680637440
3319057562	700866875677237256
3319057562	756369512530866177
3319057562	73992972
3319057562	895092739
3319057562	764697319631622144
3319057562	3125424082
3319057562	4504209794
3319057562	3948840980
3319057562	4907407033
3319057562	4552901624
3319057562	855647047881338880
3319057562	830064376593870848
3319057562	772003446870335488
3319057562	863635373414633474
3319057562	3657232877
3319057562	824660949000937473
3319057562	3230942936
3319057562	856626043834204160
3319057562	838168775035846657
3319057562	3323480310
3319057562	1490813221
3319057562	860174610255536130
3319057562	796553276980424705
3319057562	3373185675
3319057562	860963502718144513
3319057562	822890602354319360
3319057562	862473058212343808
3319057562	829187888847937537
3319057562	2738498029
3319057562	2976015930
3319057562	1569301536
3319057562	2955375288
3319057562	801529694617305088
3319057562	859057616521187328
3319057562	859976497163120640
3319057562	848258127233527808
3319057562	884378714
3319057562	630697155
3319057562	361062981
3319057562	466127190
3319057562	719221476444930049
3319057562	719885286352764929
3319057562	210436496
3319057562	859556820893020160
3319057562	2798643029
3319057562	3145305068
3319057562	861006620284866561
3319057562	213174008
3319057562	839593575620935681
3319057562	4389914302
3319057562	1335329694
3319057562	843604888449961984
3319057562	817836615703871489
3319057562	3085827391
3319057562	714486872370614276
3319057562	843311249077211136
3319057562	859142991759503360
3319057562	1321765501
3319057562	160744517
3319057562	4843498508
3319057562	850936566629453824
3319057562	841723501
3319057562	4528619480
3319057562	765420183418605568
3319057562	788880840683982849
3319057562	370715601
3319057562	728370360186503169
3319057562	829928673079808001
3319057562	780258319516696576
3319057562	419038460
3319057562	3687490883
3319057562	834912261756104704
3319057562	4854596206
3319057562	827796128481542144
3319057562	814511770559660032
3319057562	719419486583959552
3319057562	1012126105
3319057562	3003844343
3319057562	434464183
3319057562	3174687114
3319057562	1541789527
3319057562	2970928401
3319057562	844006771027038209
3319057562	2688661855
3319057562	829459106746490889
3319057562	3012831782
3319057562	860297973837770754
3319057562	3359367903
3319057562	772059244053028865
3319057562	831015262765858819
3319057562	765183315083087873
3319057562	2855892677
3319057562	855063915063123968
3319057562	855434252464345088
3319057562	805241874789367808
3319057562	350406905
3319057562	826760210257678337
3319057562	2805929705
3319057562	860139150757986305
3319057562	1597062367
3319057562	851040151040126976
3319057562	859900546429464578
3319057562	843093144799526914
3319057562	837265291574796289
3319057562	849405833091874816
3319057562	816798904847048706
3319057562	192794775
3319057562	104879071
3319057562	111340290
3319057562	2873001177
3319057562	110077140
3319057562	1173787748
3319057562	1459223742
3319057562	2793278945
3319057562	34507480
3319057562	3352672515
3319057562	813432153774190593
3319057562	858760427420995588
3319057562	859096799663063041
3319057562	273140676
3319057562	3244282382
3319057562	3948057073
3319057562	796507000058314752
3319057562	811778520598933504
3319057562	2536125951
3319057562	2236631364
3319057562	606954825
3319057562	2696590275
3319057562	2982152524
3319057562	729054348785782785
3319057562	782271893151756288
3319057562	826859470018007042
3319057562	807555140869881856
3319057562	3356245049
3319057562	816097019844497409
3319057562	759167493164273665
3319057562	830217993405812738
3319057562	804897031705755648
3319057562	3121097788
3319057562	855240323110494208
3319057562	2307727734
3319057562	850365871075799040
3319057562	3419186908
3319057562	859155229031489537
3319057562	817052056125108224
3319057562	248553802
3319057562	701645850468970496
3319057562	278662460
3319057562	21683703
3319057562	856996889740402689
3319057562	3082718575
3319057562	2934697057
3319057562	859109227637477376
3319057562	841980421327994880
3319057562	3121813129
3319057562	762851605058232320
3319057562	223625094
3319057562	834799941755105281
3319057562	838839823188242432
3319057562	837031071422218240
3319057562	827350749105573888
3319057562	858876706660253697
3319057562	763851338132365313
3319057562	2798953459
3319057562	810924495003406337
3319057562	735339399421001728
3319057562	1599858176
3319057562	1126233600
3319057562	17929027
3319057562	786235237487423488
3319057562	3364955013
3319057562	147448614
3319057562	731138821404958720
3319057562	4429687037
3319057562	701565681557512192
3319057562	4637464174
3319057562	1909409461
3319057562	4745342940
3319057562	846037636804423680
3319057562	768866045121531904
3319057562	3846547679
3319057562	804182468538597376
3319057562	2872075765
3319057562	3366375988
3319057562