857042806094929921	3325832728
3051622523	3325832728
4536457415	3325832728
2203922747	3325832728
1154941110	3325832728
840284971982028801	3325832728
817836615703871489	3325832728
809374932	3325832728
227428057	3325832728
772762595954745344	3325832728
2284231118	3325832728
35031661	3325832728
859577641258635264	3325832728
858920289413079040	3325832728
3312955334	3325832728
3776478861	3325832728
794385934280232963	3325832728
830178722187612160	3325832728
791569791454765056	3325832728
469898640	3325832728
119091911	3325832728
808023653145157632	3325832728
866877981448314881	3325832728
866876957975224320	3325832728
859222234371678212	3325832728
792355955123953665	3325832728
188555173	3325832728
835656397	3325832728
178725668	3325832728
4628144662	3325832728
859041086999756801	3325832728
716371455131430912	3325832728
475219605	3325832728
842282227127934976	3325832728
866307657967308803	3325832728
810940217985265664	3325832728
792859897360703493	3325832728
1347505752	3325832728
804092116393742346	3325832728
1924974163	3325832728
779139905817550848	3325832728
820460050707861504	3325832728
866304087167578112	3325832728
854439690866483205	3325832728
1967835782	3325832728
2427268941	3325832728
537435947	3325832728
921659144	3325832728
797913619333783553	3325832728
857985514879758339	3325832728
813504043410685952	3325832728
859266762369413121	3325832728
3425108649	3325832728
710804664	3325832728
865884160581189632	3325832728
1012080247	3325832728
866165971974844416	3325832728
89723736	3325832728
833562749649223680	3325832728
785009526944722944	3325832728
3497115554	3325832728
804101975629590534	3325832728
824089792719847424	3325832728
814912444598517760	3325832728
796826058960027649	3325832728
107888868	3325832728
866054469812838400	3325832728
702593162406187008	3325832728
866054925637300225	3325832728
861371670602371072	3325832728
804475696752001025	3325832728
865996335287291905	3325832728
728968925510275073	3325832728
865981711007592448	3325832728
859349433435262976	3325832728
4354686376	3325832728
795126394179244037	3325832728
725731224061353984	3325832728
860606987700244484	3325832728
770470850906693632	3325832728
820009899727974400	3325832728
773321093792825344	3325832728
731873915107221504	3325832728
817696097858703360	3325832728
3353516593	3325832728
2671429518	3325832728
785717098035027968	3325832728
3239333908	3325832728
862230346523451392	3325832728
851495560133713920	3325832728
801529694617305088	3325832728
839358570885963776	3325832728
235706958	3325832728
814679548054933505	3325832728
829883470822461440	3325832728
630697155	3325832728
1178976920	3325832728
4461083237	3325832728
865277043646373889	3325832728
860585316343844866	3325832728
1006588777	3325832728
767870230739689472	3325832728
863926146458460160	3325832728
859169075729227778	3325832728
853737559	3325832728
792711619776122880	3325832728
863468712002801664	3325832728
854974179464028160	3325832728
548943255	3325832728
732215950582423552	3325832728
398023653	3325832728
860574316718456832	3325832728
2558973268	3325832728
843136571872284672	3325832728
3139322599	3325832728
744311641232244737	3325832728
860079815231066116	3325832728
80855254	3325832728
863888522171699200	3325832728
1533763908	3325832728
859135804345643011	3325832728
2292168181	3325832728
2211263309	3325832728
863105731402358785	3325832728
859548533271150592	3325832728
708569704101748737	3325832728
269957097	3325832728
2925997733	3325832728
837859882804076544	3325832728
3063468069	3325832728
858498177044971521	3325832728
858877787528200192	3325832728
842328774	3325832728
857993664135671808	3325832728
3411361199	3325832728
379897287	3325832728
1123158925	3325832728
864022409342472192	3325832728
804638711669395456	3325832728
834915485728837632	3325832728
711611079701479424	3325832728
3386378338	3325832728
863914385546280964	3325832728
836356913185112065	3325832728
354110627	3325832728
3240452395	3325832728
822953476464504832	3325832728
855914668438814720	3325832728
825103846179426305	3325832728
792025006796578816	3325832728
524974387	3325832728
1965833851	3325832728
850045919617798145	3325832728
2724312989	3325832728
803019050502750208	3325832728
3353537601	3325832728
863521510379724800	3325832728
853292420137717760	3325832728
2891194580	3325832728
4520809342	3325832728
973045051	3325832728
2223401760	3325832728
2502499940	3325832728
3128864977	3325832728
839682770985181184	3325832728
862111930886086657	3325832728
1219481226	3325832728
861050509624561664	3325832728
858170215275692033	3325832728
848485543453143040	3325832728
380604933	3325832728
861616539388198914	3325832728
836313543591018497	3325832728
842846652620783616	3325832728
831259989834596352	3325832728
4828448127	3325832728
779514490425487360	3325832728
152075141	3325832728
778042584665092096	3325832728
707464713727250432	3325832728
856188464546680832	3325832728
859410571468341248	3325832728
750743989729435648	3325832728
861386518191067137	3325832728
3001859225	3325832728
858935623494889472	3325832728
304615758	3325832728
832695477346848768	3325832728
2343166622	3325832728
896300641	3325832728
860931373342883844	3325832728
860894359218245632	3325832728
860211677685571584	3325832728
736365279089971200	3325832728
860738049004756992	3325832728
840610015639609344	3325832728
860699984206983169	3325832728
826951565789458432	3325832728
856117581081653248	3325832728
859943548870955009	3325832728
1141298000	3325832728
1483391604	3325832728
4644654555	3325832728
3183646958	3325832728
860497631054790661	3325832728
859140821316231169	3325832728
797633548912128000	3325832728
387810435	3325832728
856658040958922752	3325832728
860666469088186369	3325832728
785115493090861056	3325832728
832346870936633344	3325832728
1232195402	3325832728
828314426835075072	3325832728
4831342491	3325832728
726701517072265216	3325832728
833069960737996804	3325832728
860139150757986305	3325832728
3364955013	3325832728
846388817808437248	3325832728
859600299023007744	3325832728
859904772165566464	3325832728
859878900675096576	3325832728
859545971042242564	3325832728
859873601964707840	3325832728
826977714376552449	3325832728
802341899071791104	3325832728
859598682655784960	3325832728
238187649	3325832728
859642138807742465	3325832728
3399631409	3325832728
859589799472234497	3325832728
859482074184654848	3325832728
1937536770	3325832728
4342925254	3325832728
859241736853389312	3325832728
4252266796	3325832728
857672934873235458	3325832728
845504018927386624	3325832728
847486969684705280	3325832728
1695068918	3325832728
854784090918309889	3325832728
1505769038	3325832728
859199229448802305	3325832728
742790971843350528	3325832728
852247431496560641	3325832728
846477614273482753	3325832728
859149170313224197	3325832728
859095321800052736	3325832728
2312725160	3325832728
803055327797190656	3325832728
857648264245628928	3325832728
815033395361280000	3325832728
838086875055341570	3325832728
859099246393425920	3325832728
4306865536	3325832728
821174390314463232	3325832728
221116065	3325832728
2500660235	3325832728
739175865326698496	3325832728
3198320880	3325832728
859117491594948615	3325832728
859043310618513408	3325832728
825747478381223936	3325832728
859072415623598080	3325832728
858870872043438081	3325832728
858516707341742081	3325832728
773276598074212352	3325832728
787398725933019139	3325832728
798586876743581696	3325832728
853399308883943424	3325832728
827707112918773760	3325832728
781296776838012933	3325832728
817196341944270848	3325832728
820429303812866049	3325832728
831362575992496128	3325832728
725385124766978049	3325832728
856963961505427457	3325832728
91468061	3325832728
850733769816383489	3325832728
841067271606960128	3325832728
854873432340652032	3325832728
228529300	3325832728
850077117597470720	3325832728
2182539757	3325832728
832979611327877124	3325832728
814255880304783365	3325832728
855846405763735552	3325832728
2710588033	3325832728
709879034382041088	3325832728
850870586146529280	3325832728
850132088443379712	3325832728
196859916	3325832728
814288753846087680	3325832728
781490634209107968	3325832728
3231382770	3325832728
4020949078	3325832728
829575487638880256	3325832728
768584400066019329	3325832728
848649412272418816	3325832728
834478405504622593	3325832728
2652433585	3325832728
739985545200316416	3325832728
795175650462154752	3325832728
852163718091767808	3325832728
2698635145	3325832728
761342109169381377	3325832728
2593363532	3325832728
853688943300272128	3325832728
4623233063	3325832728
112328607	3325832728
769938636401995776	3325832728
844704315373694976	3325832728
3129559781	3325832728
102153616	3325832728
708453965025964032	3325832728
738417722686603266	3325832728
773756609092804608	3325832728
1961311644	3325832728
846101701916545028	3325832728
432103939	3325832728
1401136238	3325832728
1909409461	3325832728
715693539263455237	3325832728
2229303090	3325832728
852690514793168897	3325832728
289545711	3325832728
816841780792610816	3325832728
2864742297	3325832728
853271550266679297	3325832728
383856958	3325832728
813847636465909760	3325832728
829502694242988034	3325832728
3309818139	3325832728
1320809844	3325832728
853079976266141697	3325832728
847502803131957248	3325832728
2257352688	3325832728
833403023569334272	3325832728
842225119808360448	3325832728
719680110769475584	3325832728
110077140	3325832728
817026284110888960	3325832728
578382243	3325832728
2723579963	3325832728
831743892953432065	3325832728
762517461258207232	3325832728
852332957079666689	3325832728
851615489390522368	3325832728
2810045173	3325832728
852577994321350656	3325832728
842607482388193281	3325832728
842615472809897984	3325832728
845660514302623744	3325832728
788626001970532352	3325832728
789163228332908544	3325832728
1031024389	3325832728
766660129299333120	3325832728
2660953963	3325832728
852242521187110913	3325832728
810333311792975872	3325832728
846050838233731073	3325832728
2807903941	3325832728
2468333180	3325832728
3373429011	3325832728
810658525613527040	3325832728
797943815453704193	3325832728
3285407435	3325832728
2177868799	3325832728
2870660140	3325832728
4571029216	3325832728
851532682211319808	3325832728
851491701856325632	3325832728
838186293536284672	3325832728
3088400467	3325832728
824652856489873408	3325832728
833453818520170497	3325832728
764606216731553793	3325832728
816135836601303041	3325832728
837502856936706048	3325832728
782654705608503296	3325832728
4694005789	3325832728
821775950551674883	3325832728
802450499157000192	3325832728
773756675119521792	3325832728
844695062634283008	3325832728
4332538481	3325832728
818144997396611072	3325832728
4637464174	3325832728
788499857078091776	3325832728
2416803492	3325832728
106317424	3325832728
2620971789	3325832728
779762509599412226	3325832728
447463407	3325832728
840693367545700352	3325832728
1416670694	3325832728
4041800398	3325832728
850936566629453824	3325832728
811009566448173056	3325832728
850851540332158976	3325832728
751549860231471104	3325832728
4410601335	3325832728
160650487	3325832728
820840665957486592	3325832728
848894602723680256	3325832728
722585112198717440	3325832728
848577905051529216	3325832728
849502757795004416	3325832728
701432978296147968	3325832728
2832076435	3325832728
35954417	3325832728
3242740953	3325832728
788330736084332545	3325832728
846368695928700929	3325832728
831211803430486019	3325832728
844434626240286720	3325832728
715506011919015938	3325832728
1701226236	3325832728
2974120571	3325832728
790088618593308672	3325832728
741621587317686273	3325832728
847428524461834246	3325832728
1594087070	3325832728
815494480321093632	3325832728
4466364166	3325832728
827464737310912512	3325832728
4905218481	3325832728
3599133973	3325832728
826060739827920896	3325832728
844736275101839360	3325832728
845994171265499136	3325832728
840801691217752066	3325832728
1468122164	3325832728
844693175218257921	3325832728
843041292984684546	3325832728
2442811705	3325832728
768114442831794177	3325832728
2664799452	3325832728
4926598444	3325832728
805556172325584896	3325832728
744150240136044544	3325832728
844735098754863105	3325832728
844648673581678596	3325832728
834115749669171200	3325832728
799728457462648836	3325832728
840069191457685504	3325832728
838478472666300417	3325832728
2999302598	3325832728
820392354	3325832728
3077329217	3325832728
3309924754	3325832728
1956921577	3325832728
2469959582	3325832728
4344993567	3325832728
1556871962	3325832728
787285807002480640	3325832728
1575363188	3325832728
843590426741346304	3325832728
746436385	3325832728
839249523905986560	3325832728
1855732825	3325832728
814308127097180161	3325832728
746639992659705856	3325832728
819782442223431680	3325832728
704420629806784514	3325832728
2875623753	3325832728
841854094448971776	3325832728
353410934	3325832728
607711439	3325832728
760910564659003393	3325832728
821707318958182402	3325832728
2742362326	3325832728
825429909522751488	3325832728
2193107149	3325832728
839044243150626816	3325832728
813550418018111489	3325832728
809894856294277120	3325832728
229584454	3325832728
773038304983912448	3325832728
821112849690927104	3325832728
153946301	3325832728
3447508162	3325832728
3349572651	3325832728
760124606	3325832728
2447326200	3325832728
838909962822758404	3325832728
1367180522	3325832728
4455282147	3325832728
902455188	3325832728
736029334801158144	3325832728
756338452438847490	3325832728
158849713	3325832728
731260196102737920	3325832728
71562138	3325832728
607714450	3325832728
2459006004	3325832728
840051541142839296	3325832728
809607999979454464	3325832728
828769162055000064	3325832728
3325832728	29860849
3325832728	18198841
3325832728	2203922747
3325832728	867479700020621314
3325832728	1569301536
3325832728	840284971982028801
3325832728	840494833844252672
3325832728	1154941110
3325832728	742669360028733440
3325832728	3315835159
3325832728	742986702
3325832728	3273533456
3325832728	530993627
3325832728	724125090431025152
3325832728	1668936842
3325832728	835833776303443970
3325832728	707540685604257792
3325832728	4643606383
3325832728	408529831
3325832728	3126690418
3325832728	3322053329
3325832728	748300332153765888
3325832728	1898767226
3325832728	1176114488
3325832728	2761995206
3325832728	2495689317
3325832728	3083378878
3325832728	4868006043
3325832728	820009899727974400
3325832728	809374932
3325832728	795086672878768128
3325832728	2800473522
3325832728	227428057
3325832728	4054657162
3325832728	1921202382
3325832728	321731427
3325832728	759355429830987777
3325832728	4071650958
3325832728	4728272269
3325832728	718151060167213058
3325832728	764697319631622144
3325832728	824704133315883010
3325832728	772762595954745344
3325832728	2284231118
3325832728	3187103052
3325832728	22671321
3325832728	17929027
3325832728	2591110475
3325832728	848246996775436288
3325832728	188555173
3325832728	756348036071231489
3325832728	45709328
3325832728	475523880
3325832728	859241736853389312
3325832728	55262333
3325832728	36746176
3325832728	702063208098459649
3325832728	223357058
3325832728	2776433144
3325832728	3041408437
3325832728	820460050707861504
3325832728	537435947
3325832728	2427268941
3325832728	20963067
3325832728	921659144
3325832728	797913619333783553
3325832728	852723758385291264
3325832728	710804664
3325832728	89723736
3325832728	15112070
3325832728	785009526944722944
3325832728	2437110157
3325832728	2993692928
3325832728	2950368511
3325832728	4084071733
3325832728	814912444598517760
3325832728	1012080247
3325832728	858170215275692033
3325832728	958409256
3325832728	2805929705
3325832728	3497115554
3325832728	773321093792825344
3325832728	1064317848
3325832728	3447508162
3325832728	787537409785430017
3325832728	3239333908
3325832728	801529694617305088
3325832728	160744517
3325832728	839358570885963776
3325832728	2354028950
3325832728	4280426116
3325832728	749646121
3325832728	608529582
3325832728	794927447582117888
3325832728	2546501004
3325832728	785717098035027968
3325832728	2273313906
3325832728	829883470822461440
3325832728	814679548054933505
3325832728	2889481077
3325832728	630697155
3325832728	2671429518
3325832728	749968013940629504
3325832728	1178976920
3325832728	723201788422189056
3325832728	720167874464092160
3325832728	4681042272
3325832728	732215950582423552
3325832728	726424739883933696
3325832728	580421321
3325832728	844018356986544129
3325832728	1287316993
3325832728	55701007
3325832728	814141135132172288
3325832728	2580142310
3325832728	787727067462897664
3325832728	3312336768
3325832728	709019476482777089
3325832728	3253227482
3325832728	3279164840
3325832728	797633548912128000
3325832728	717145958639878145
3325832728	808068833613414400
3325832728	816864454658891776
3325832728	723941582072872961
3325832728	3247149975
3325832728	3432748313
3325832728	3324347603
3325832728	776522062034862080
3325832728	863521510379724800
3325832728	9112712
3325832728	3411361199
3325832728	757390018667163649
3325832728	752721350700077056
3325832728	753224695873359872
3325832728	741231306441261057
3325832728	3990471387
3325832728	1123158925
3325832728	3386378338
3325832728	2885855019
3325832728	354110627
3325832728	822953476464504832
3325832728	859149170313224197
3325832728	752710251611172864
3325832728	524974387
3325832728	769172887336955905
3325832728	781877527690170369
3325832728	739722141084459008
3325832728	759341093691334656
3325832728	788773596009156608
3325832728	784511950940057600
3325832728	830508427319336960
3325832728	758844260099592192
3325832728	852339642192015360
3325832728	1965833851
3325832728	827760697790468096
3325832728	2459006004
3325832728	857682988011749376
3325832728	856016100718297088
3325832728	811312233963778048
3325832728	751549860231471104
3325832728	4333058602
3325832728	2931834606
3325832728	755430363309060096
3325832728	743781775005016064
3325832728	786478197546156033
3325832728	704515151119028224
3325832728	733701134011899904
3325832728	822053362627727360
3325832728	741885163932504064
3325832728	790050185120362497
3325832728	842040864218083328
3325832728	749820692628070401
3325832728	819471284291543040
3325832728	761128238898753536
3325832728	795164254659756032
3325832728	843255182452576257
3325832728	245189010
3325832728	852887701346893825
3325832728	811830509609230336
3325832728	4579328593
3325832728	857464265933901825
3325832728	799639835161960448
3325832728	973045051
3325832728	2891975504
3325832728	3182913038
3325832728	712251826708434945
3325832728	729070842483638272
3325832728	4164413292
3325832728	4784205469
3325832728	3910818372
3325832728	744174002717884416
3325832728	4464823880
3325832728	4368863366
3325832728	742031797437878274
3325832728	4671824905
3325832728	728979293150158848
3325832728	740607887274168320
3325832728	523609307
3325832728	830870322190700545
3325832728	852551377037537281
3325832728	2502499940
3325832728	853292420137717760
3325832728	839682770985181184
3325832728	3128864977
3325832728	862111930886086657
3325832728	819728898992783360
3325832728	3224833578
3325832728	801955334579507200
3325832728	826632418450776064
3325832728	727295303221551104
3325832728	3029150439
3325832728	787902797597466624
3325832728	746330054670561280
3325832728	3309807583
3325832728	752896443292135425
3325832728	855536351076171776
3325832728	791294657661591552
3325832728	831259989834596352
3325832728	3301023077
3325832728	907121269
3325832728	155175389
3325832728	3261493952
3325832728	304615758
3325832728	4644654555
3325832728	721517926247837696
3325832728	3261839014
3325832728	4417275275
3325832728	791441644620959744
3325832728	436685493
3325832728	343918695
3325832728	485644743
3325832728	2974120571
3325832728	419038460
3325832728	814288753846087680
3325832728	859407993997283328
3325832728	859873601964707840
3325832728	21366823
3325832728	1505769038
3325832728	2933133226
3325832728	735339399421001728
3325832728	742790971843350528
3325832728	2273063856
3325832728	4308959121
3325832728	273140676
3325832728	2312725160
3325832728	815676584204128256
3325832728	803055327797190656
3325832728	857648264245628928
3325832728	4306865536
3325832728	821174390314463232
3325832728	2500660235
3325832728	805169455961612292
3325832728	859109227637477376
3325832728	843093144799526914
3325832728	781875242994196480
3325832728	826977714376552449
3325832728	815941816679661568
3325832728	797063943831228417
3325832728	815748423068499968
3325832728	808644271804796928
3325832728	728719689270988800
3325832728	807997751413784577
3325832728	734222190007050242
3325832728	745820911639527424
3325832728	825328697209020419
3325832728	2261413388
3325832728	1902910598
3325832728	858664335094104064
3325832728	3045045193
3325832728	2304478616
3325832728	3124399687
3325832728	3197517331
3325832728	3291778512
3325832728	2933735300
3325832728	3228191803
3325832728	773276598074212352
3325832728	147810583
3325832728	798586876743581696
3325832728	853399308883943424
3325832728	781296776838012933
3325832728	817196341944270848
3325832728	820429303812866049
3325832728	1148517385
3325832728	852584142525132800
3325832728	2841372093
3325832728	4600275033
3325832728	3427284591
3325832728	1959860466
3325832728	832660482469171200
3325832728	811602144235286528
3325832728	4717327704
3325832728	810271590885822464
3325832728	787398725933019139
3325832728	2848512267
3325832728	17663756
3325832728	756209476588318720
3325832728	2182539757
3325832728	1030029068
3325832728	245475947
3325832728	84830575
3325832728	817026284110888960
3325832728	2841360124
3325832728	2710588033
3325832728	206500951
3325832728	486804707
3325832728	797200430258388993
3325832728	852163718091767808
3325832728	795175650462154752
3325832728	137779150
3325832728	212266188
3325832728	476675010
3325832728	2278322060
3325832728	2391232105
3325832728	1429480158
3325832728	2698635145
3325832728	761342109169381377
3325832728	375148979
3325832728	260708432
3325832728	1964208978
3325832728	4623233063
3325832728	112328607
3325832728	844704315373694976
3325832728	3064724045
3325832728	3346984365
3325832728	702175912377380864
3325832728	3236345792
3325832728	2562464496
3325832728	3082338689
3325832728	3049546716
3325832728	2224068433
3325832728	4164593188
3325832728	3065457293
3325832728	3429621077
3325832728	739250547790860289
3325832728	3071971662
3325832728	2362365631
3325832728	773756609092804608
3325832728	3011588454
3325832728	855783122
3325832728	3275865326
3325832728	708453965025964032
3325832728	825288550795116545
3325832728	432103939
3325832728	1401136238
3325832728	715693539263455237
3325832728	1155580982
3325832728	289545711
3325832728	793522110417088512
3325832728	732937804540416000
3325832728	775334838651981824
3325832728	616416200
3325832728	550281859
3325832728	831535561
3325832728	2864742297
3325832728	2639266234
3325832728	158849713
3325832728	1018433485
3325832728	853271550266679297
3325832728	813847636465909760
3325832728	3309818139
3325832728	2182132477
3325832728	800440567754727424
3325832728	3411566593
3325832728	3401885953
3325832728	2531758532
3325832728	3413048114
3325832728	3992682371
3325832728	3988920681
3325832728	3402122712
3325832728	824072782879264768
3325832728	110077140
3325832728	383856958
3325832728	1883909496
3325832728	774292027865456640
3325832728	112044004
3325832728	2534418215
3325832728	752211600291999744
3325832728	4739954413
3325832728	783796224847704065
3325832728	787460231064383488
3325832728	839585633777684483
3325832728	1660994504
3325832728	781551264337367041
3325832728	2468333180
3325832728	778042663996129280
3325832728	844270391635955713
3325832728	837803314020495362
3325832728	807762992964116480
3325832728	3599133973
3325832728	2810045173
3325832728	788626001970532352
3325832728	837060636664295424
3325832728	756182229496180737
3325832728	3219737078
3325832728	804866931857584128
3325832728	850936566629453824
3325832728	128705681
3325832728	3159154765
3325832728	3890062933
3325832728	3429020121
3325832728	707576507279933441
3325832728	833997992701153280
3325832728	2986788064
3325832728	851947663402651649
3325832728	4863282653
3325832728	4149788238
3325832728	3300729983
3325832728	2430184369
3325832728	3358038304
3325832728	429556912
3325832728	3754039577
3325832728	269957097
3325832728	808131370732179456
3325832728	783720568415719424
3325832728	789163228332908544
3325832728	814866690613780480
3325832728	1862241284
3325832728	810333311792975872
3325832728	3373429011
3325832728	797943815453704193
3325832728	782766980688384000
3325832728	806558063603941378
3325832728	762712840285192192
3325832728	718920949643505665
3325832728	365089968
3325832728	743207401369767936
3325832728	3285407435
3325832728	194122984
3325832728	2177868799
3325832728	788195206931763200
3325832728	3044747394
3325832728	278662460
3325832728	811849738198913024
3325832728	810940217985265664
3325832728	2967219963
3325832728	764606216731553793
3325832728	802450499157000192
3325832728	806183391896961024
3325832728	821775950551674883
3325832728	773756675119521792
3325832728	2165801221
3325832728	4332538481
3325832728	816097019844497409
3325832728	843258930449055748
3325832728	2820298122
3325832728	795719698000252928
3325832728	1891372238
3325832728	4637464174
3325832728	106317424
3325832728	2620971789
3325832728	844258974522195968
3325832728	3479742436
3325832728	1416670694
3325832728	4041800398
3325832728	136436751
3325832728	2416803492
3325832728	160650487
3325832728	820840665957486592
3325832728	820141512654786560
3325832728	1890746246
3325832728	827911975174828033
3325832728	2832076435
3325832728	447463407
3325832728	555814139
3325832728	760999571153715200
3325832728	3316537096
3325832728	2723579963
3325832728	259087453
3325832728	3242740953
3325832728	771515461196447744
3325832728	789825394509684736
3325832728	95207674
3325832728	1320809844
3325832728	564147824
3325832728	1909409461
3325832728	732086031265062913
3325832728	18744679
3325832728	796579760893784065
3325832728	777438427851743232
3325832728	828249667502616577
3325832728	4152276256
3325832728	835345684739964928
3325832728	22179997
3325832728	34070045
3325832728	770470850906693632
3325832728	35706371
3325832728	16312576
3325832728	1527607399
3325832728	714486872370614276
3325832728	743432841371885568
3325832728	4905218481
3325832728	736733350824579072
3325832728	3087453615
3325832728	737699815463735296
3325832728	803594186146648065
3325832728	3433440351
3325832728	751048838518013952
3325832728	21621886
3325832728	606954825
