867238671698866177	3328440783
861792521999011841	3328440783
866163311276154881	3328440783
1266317204	3328440783
854008006098518017	3328440783
747574617842257920	3328440783
223716137	3328440783
853754465341591554	3328440783
3838181001	3328440783
829472746082033667	3328440783
2309216562	3328440783
836446508178423808	3328440783
437733593	3328440783
2207713176	3328440783
2994462545	3328440783
433627684	3328440783
1702243368	3328440783
1588930388	3328440783
4795407726	3328440783
867159392864661504	3328440783
843179359691309056	3328440783
2780832788	3328440783
863894080920723456	3328440783
715377685325680640	3328440783
3347880705	3328440783
841080760484413440	3328440783
864949856762298368	3328440783
867141281528639490	3328440783
981629642	3328440783
1149775999	3328440783
807107510779809792	3328440783
753681204201656320	3328440783
745838284669083648	3328440783
865186629555802112	3328440783
867108546151936003	3328440783
703318923509424132	3328440783
581311891	3328440783
867101358704521222	3328440783
3419044606	3328440783
867095892192632832	3328440783
862837133467418624	3328440783
3156551807	3328440783
866864031457587200	3328440783
867069372782841856	3328440783
2878302245	3328440783
813621579657658368	3328440783
867057535697793024	3328440783
866847971924692992	3328440783
859800016285704192	3328440783
838682565854769152	3328440783
867051323782508546	3328440783
727671346054864896	3328440783
843516214630604800	3328440783
855441770712268800	3328440783
268923765	3328440783
728000637200441344	3328440783
811048907086168064	3328440783
867042274655576064	3328440783
789521853626867712	3328440783
1883235722	3328440783
857742860376035329	3328440783
867023899539767296	3328440783
864623570210705409	3328440783
867022450059616256	3328440783
867019354545807361	3328440783
158008135	3328440783
256406421	3328440783
1782160465	3328440783
764408317	3328440783
866620206856232962	3328440783
732921493991133184	3328440783
864529692002578433	3328440783
246287900	3328440783
3012422937	3328440783
4769400089	3328440783
2568143353	3328440783
842288076269453312	3328440783
141125577	3328440783
752700968672911361	3328440783
2302037407	3328440783
857138913835708416	3328440783
824223990	3328440783
826955665805549568	3328440783
3332604321	3328440783
326495137	3328440783
892252675	3328440783
844954470224093185	3328440783
185841258	3328440783
866839548176867329	3328440783
852322808403083264	3328440783
727018951	3328440783
850951538830868480	3328440783
866828135429439490	3328440783
856293249849446400	3328440783
827981824446038016	3328440783
864883916993376256	3328440783
856296709051305985	3328440783
783697609575768065	3328440783
866820842822545411	3328440783
856302231766937602	3328440783
2917019467	3328440783
865278594746023936	3328440783
138083163	3328440783
866808247931600897	3328440783
4620562463	3328440783
281024809	3328440783
856191930862112773	3328440783
295154715	3328440783
807682693907542016	3328440783
864159250653827072	3328440783
815011814203392000	3328440783
1957624514	3328440783
360809506	3328440783
866782049948106754	3328440783
291251278	3328440783
866779688462688261	3328440783
1208252977	3328440783
737408078652407809	3328440783
762700496952029184	3328440783
866771142077448193	3328440783
308107936	3328440783
602023193	3328440783
3074249886	3328440783
90019980	3328440783
836057982366531584	3328440783
2305344193	3328440783
125803221	3328440783
1650787135	3328440783
741231857270808577	3328440783
712278841264312322	3328440783
547935286	3328440783
860622383132135425	3328440783
844276532617121793	3328440783
866691234584289281	3328440783
307719366	3328440783
102582422	3328440783
866723595455778816	3328440783
3293582051	3328440783
904422505	3328440783
866708283503104000	3328440783
866708283503104000	3328440783
842282440102162433	3328440783
2449145519	3328440783
788402824547823616	3328440783
548808182	3328440783
442249187	3328440783
803582400320126976	3328440783
288044636	3328440783
2511532872	3328440783
859531178054909952	3328440783
381872597	3328440783
730820127340388354	3328440783
1254357192	3328440783
866652399758397444	3328440783
576605507	3328440783
866635303460769792	3328440783
852748426492002304	3328440783
854486005801472001	3328440783
777219109	3328440783
865968429706207233	3328440783
865968429706207233	3328440783
837799519060389888	3328440783
221467899	3328440783
743507467380850692	3328440783
845451466764664838	3328440783
834419068224598016	3328440783
859551187015790594	3328440783
604120132	3328440783
792767074326151169	3328440783
1131923126	3328440783
814025392830877697	3328440783
388621735	3328440783
752021490	3328440783
2916232354	3328440783
4136982971	3328440783
818804054507814912	3328440783
866502623779627008	3328440783
828957697823371264	3328440783
1247240258	3328440783
307556850	3328440783
856629456131301376	3328440783
866474747701465088	3328440783
866475196043087873	3328440783
255217904	3328440783
863779862	3328440783
271542185	3328440783
866457948582666240	3328440783
785265053134192640	3328440783
847180779096592386	3328440783
131020842	3328440783
866436979575193602	3328440783
249119526	3328440783
76506507	3328440783
866434821836251136	3328440783
865021412733530112	3328440783
243353840	3328440783
2482034108	3328440783
2355646592	3328440783
1631553114	3328440783
866414288336035841	3328440783
3328440783	747574617842257920
3328440783	145796192
3328440783	822596439507402752
3328440783	772851648238456832
3328440783	2205776737
3328440783	1149775999
3328440783	246987233
3328440783	1869943442
3328440783	581311891
3328440783	727671346054864896
3328440783	728000637200441344
3328440783	701540515473326080
3328440783	2568143353
3328440783	141125577
3328440783	919638991
3328440783	755620669602267137
3328440783	318707496
3328440783	132457228
3328440783	82096201
3328440783	804059911004901376
3328440783	398278661
3328440783	138083163
3328440783	281024809
3328440783	185074735
3328440783	741513559
3328440783	291251278
3328440783	1208252977
3328440783	4799929456
3328440783	762700496952029184
3328440783	486111507
3328440783	856305169147015168
3328440783	133329740
3328440783	784231786180022272
3328440783	904422505
3328440783	1254357192
3328440783	153071730
3328440783	4716742475
3328440783	258466060
3328440783	188346763
3328440783	2916232354
3328440783	2916232354
3328440783	353975742
3328440783	191100851
3328440783	634840159
3328440783	2710612298
3328440783	835890240476819456
3328440783	131020842
3328440783	2355646592
3328440783	2724284891
3328440783	603271276
3328440783	346830486
3328440783	465628070
3328440783	329357591
3328440783	147359870
3328440783	152387026
3328440783	159134020
3328440783	170308590
3328440783	551136859
3328440783	4826162584
3328440783	4870467694
3328440783	4870467694
3328440783	842096503086841862
3328440783	862369645969506314
3328440783	856616601910734849
3328440783	2886400666
3328440783	816398555258716161
3328440783	4825136385
3328440783	44749366
3328440783	844935933350825984
3328440783	590480631
3328440783	847511787973021696
3328440783	340505474
3328440783	455573028
3328440783	2787126752
3328440783	828432279840157699
3328440783	526890728
3328440783	113731163
3328440783	2786187407
3328440783	2983514291
3328440783	182558982
3328440783	522574735
3328440783	708479116329164800
3328440783	3396233747
3328440783	826897928799318016
3328440783	602226997
3328440783	488568572
3328440783	93134438
3328440783	846793015662383104
3328440783	787710606161776640
3328440783	1849833426
3328440783	532680186
3328440783	1548633800
3328440783	2252553812
3328440783	849441822325780480
3328440783	794793234
3328440783	861363576363155458
3328440783	722099200293543937
3328440783	623205862
3328440783	996291470
3328440783	858866990395424768
3328440783	858866990395424768
3328440783	2519231937
3328440783	519492739
3328440783	1388241284
3328440783	2266732729
3328440783	3022241271
3328440783	431939474
3328440783	732313105028546566
3328440783	3673656570
3328440783	3338279931
3328440783	2326663238
3328440783	118176360
3328440783	831881002771480576
3328440783	2320518910
3328440783	706273370078220288
3328440783	980783100
3328440783	2513003143
3328440783	2868194619
3328440783	3841415834
3328440783	2194793816
3328440783	427157774
3328440783	760936301306777601
3328440783	783134049867014144
3328440783	264392821
3328440783	1176115236
3328440783	549389443
3328440783	854454086078517248
3328440783	1345794956
3328440783	1917772370
3328440783	2155050784
3328440783	832021281574903810
3328440783	1383817874
3328440783	232391812
3328440783	704008340079316996
3328440783	3019456877
3328440783	1581067669
3328440783	746092535030767616
3328440783	580366572
3328440783	725014987018752001
3328440783	218576679
3328440783	2427953061
3328440783	547024366
3328440783	787029937978871809
3328440783	308893855
3328440783	836044234507571201
3328440783	4503126199
3328440783	3255935156
3328440783	3087711495
3328440783	769730101902610432
3328440783	761990737
3328440783	1215903674
3328440783	129559124
3328440783	735916591116734465
3328440783	483513094
3328440783	858316414335295488
3328440783	155077963
3328440783	3008107620
3328440783	3238467902
3328440783	781920623119437824
3328440783	1723518510
3328440783	117538409
3328440783	4867404778
3328440783	759153916261068801
3328440783	368756706
3328440783	2926041801
3328440783	122756888
3328440783	3222669602
3328440783	103672058
3328440783	252052746
3328440783	138228762
3328440783	1258087058
3328440783	832726224250163200
3328440783	2779692280
3328440783	590024299
3328440783	3281071753
3328440783	388972630
3328440783	836777397814968320
3328440783	770404976
3328440783	786264010802855936
3328440783	155756020
3328440783	853807249
3328440783	956003154
3328440783	1025576258
3328440783	2563526280
3328440783	273615701
3328440783	46426995
3328440783	810454738009518080
3328440783	64079416
3328440783	2241446814
3328440783	2489245026
3328440783	798284462073270272
3328440783	1025231413
3328440783	814621214270431234
3328440783	2883967094
3328440783	874070910
3328440783	555262832
3328440783	880341475
3328440783	762014179247001600
3328440783	1596988376
3328440783	2921793313
