745076388550553600	3400408876
863252413704220672	3400408876
804496140607467521	3400408876
758825465742188545	3400408876
831799812928393216	3400408876
721745935814889472	3400408876
2921570561	3400408876
3333577312	3400408876
782360927899443200	3400408876
852954837113225216	3400408876
19178835	3400408876
866622031588151296	3400408876
834813778277580802	3400408876
814199657362432000	3400408876
1192123782	3400408876
814935836038938624	3400408876
809126792439025664	3400408876
867414683439026180	3400408876
867410509263450112	3400408876
2816556467	3400408876
520924739	3400408876
783579444648747008	3400408876
3010759993	3400408876
828731218640388096	3400408876
1290546122	3400408876
846308751896399872	3400408876
867173192854581248	3400408876
852680535084339201	3400408876
828287304817049600	3400408876
845054068712198144	3400408876
867124282299744256	3400408876
867116457808855042	3400408876
2833957102	3400408876
857685692352212994	3400408876
15525694	3400408876
760244315985674240	3400408876
825508829748142082	3400408876
867088679768084480	3400408876
166142862	3400408876
773300107840221184	3400408876
867080339340087297	3400408876
2582167604	3400408876
2237595532	3400408876
726598999625621511	3400408876
865728493216305153	3400408876
843488317966573568	3400408876
867049099031265280	3400408876
867047534115651585	3400408876
867031912174555136	3400408876
867022856122707968	3400408876
867019502223077377	3400408876
859516994953117697	3400408876
848299096079249408	3400408876
867002792157818880	3400408876
848640583618842624	3400408876
852739326047682560	3400408876
866931145560145920	3400408876
1047444853	3400408876
863619033521958912	3400408876
1551135948	3400408876
839687469092110336	3400408876
866715773838008321	3400408876
853602115134140416	3400408876
784926641088790528	3400408876
866833718115262464	3400408876
762313519685656576	3400408876
844357481010794500	3400408876
866816128701431808	3400408876
4867849697	3400408876
866801285961363456	3400408876
1159065835	3400408876
1090875817	3400408876
848594695034896388	3400408876
843242665550516225	3400408876
863461256598040578	3400408876
3380730867	3400408876
2252323950	3400408876
811584245391101952	3400408876
828732149549453317	3400408876
2353379135	3400408876
866750618316283906	3400408876
134683787	3400408876
62049115	3400408876
1890892418	3400408876
4041860053	3400408876
37841664	3400408876
843379263038509059	3400408876
831784683872649216	3400408876
103955189	3400408876
866689531122024448	3400408876
831512885499219969	3400408876
866656390030536704	3400408876
2229595321	3400408876
3236595090	3400408876
812825184759611392	3400408876
863217857269612544	3400408876
725346064388091905	3400408876
706892294050422784	3400408876
866599694583169025	3400408876
326977682	3400408876
853355273813200897	3400408876
823047103718928385	3400408876
824958045658742784	3400408876
835031246019317761	3400408876
866541780992483328	3400408876
795538097119305728	3400408876
1597957476	3400408876
866523788795629569	3400408876
1832681179	3400408876
746788489006571520	3400408876
758861093364113408	3400408876
747921634976227329	3400408876
866142054316994560	3400408876
711391008085245952	3400408876
863201242519961600	3400408876
3476521697	3400408876
761262266859741184	3400408876
843596926146830336	3400408876
807042939075428352	3400408876
866203834615382016	3400408876
4717605978	3400408876
2918938858	3400408876
866419912281137152	3400408876
866429035538206720	3400408876
754319949020139520	3400408876
866425189072084993	3400408876
866423018121302017	3400408876
866419588946427905	3400408876
745758801836421121	3400408876
797492442446655488	3400408876
120191661	3400408876
865688580617904129	3400408876
785267997283913728	3400408876
286703523	3400408876
2967629579	3400408876
862831267917819904	3400408876
760688129313501184	3400408876
3079992736	3400408876
865263824185765888	3400408876
730167706142400514	3400408876
842853844551942144	3400408876
3158388504	3400408876
866341952861634560	3400408876
2586119059	3400408876
864298839695654912	3400408876
824898849059672064	3400408876
841932816413786112	3400408876
866309779223969793	3400408876
866282905034563584	3400408876
106840094	3400408876
4551183693	3400408876
866268994109681664	3400408876
855165646216335360	3400408876
2869402810	3400408876
21491450	3400408876
866231953028153344	3400408876
866217330061324288	3400408876
866213315785220096	3400408876
719338233667129344	3400408876
1066100965	3400408876
2897455811	3400408876
2887120508	3400408876
866131025050685440	3400408876
710863242097131521	3400408876
799750614641045504	3400408876
789262091412705280	3400408876
866088486549413888	3400408876
718526552749645824	3400408876
866077113727807491	3400408876
851542824210255872	3400408876
837095579582857216	3400408876
1859674274	3400408876
865817201999192064	3400408876
866047604622327809	3400408876
866030948537782273	3400408876
2581938943	3400408876
4770359444	3400408876
3082767282	3400408876
3510436034	3400408876
4851091977	3400408876
809471145326084096	3400408876
860640824643784705	3400408876
4787378305	3400408876
773964163693568004	3400408876
865972186321965057	3400408876
3288522659	3400408876
865960656792682496	3400408876
802631216855912449	3400408876
962858557	3400408876
801240400103022592	3400408876
764621115620720640	3400408876
818645805200474112	3400408876
789652373526286336	3400408876
865816685303005184	3400408876
3086261552	3400408876
824647289511800832	3400408876
865869045035393024	3400408876
850840242689015809	3400408876
2889390268	3400408876
278947634	3400408876
3400408876	721745935814889472
3400408876	15525694
3400408876	68402627
3400408876	2582167604
3400408876	19565397
3400408876	280476229
3400408876	134683787
3400408876	1890892418
3400408876	37841664
3400408876	2876426453
3400408876	28294709
3400408876	621838346
3400408876	106840094
3400408876	841678805345402884
3400408876	828402177324548097
3400408876	4258894876
3400408876	715984239414669312
3400408876	817843787082829824
3400408876	2867335074
3400408876	2915000728
3400408876	786396531918200832
3400408876	4717605978
3400408876	3311125759
3400408876	717793686076186626
3400408876	815040148203257856
3400408876	2946373350
3400408876	3385673052
3400408876	1272642176
3400408876	3054434319
3400408876	2252323950
3400408876	2725278821
3400408876	809922304398467072
3400408876	4697741660
3400408876	4780983115
3400408876	772131069143298048
3400408876	792676655751770112
3400408876	716109735137841152
3400408876	3091479960
3400408876	851542824210255872
3400408876	3399732549
3400408876	3300926380
3400408876	712076737308307456
3400408876	717242214162665476
3400408876	705917209638522881
3400408876	3577591874
3400408876	830846560296656897
3400408876	3282799458
3400408876	862363151962177536
3400408876	810104809139433472
3400408876	812825184759611392
3400408876	805130171200184320
3400408876	4460620933
3400408876	2960339589
3400408876	832103631751102464
3400408876	813209950524608512
3400408876	1164435541
3400408876	718526552749645824
3400408876	739126098869424132
3400408876	2322987889
3400408876	2808367578
3400408876	1859674274
3400408876	2942348995
3400408876	2887120508
3400408876	3245657939
3400408876	3279388202
3400408876	856337192997801984
3400408876	715372387118620672
3400408876	3939185487
3400408876	805411503885217796
3400408876	703675722703966209
3400408876	862701865150107648
3400408876	3255017070
3400408876	4867843504
3400408876	765289595667943424
3400408876	837095579582857216
3400408876	795427180163584000
3400408876	830238028400558080
3400408876	810130954471677952
3400408876	4321300875
3400408876	705457239553761281
3400408876	718396566827085824
3400408876	846141546391109632
3400408876	845143787315744774
3400408876	4873913818
3400408876	3316198050
3400408876	813607406064123904
3400408876	3228280760
3400408876	782703687030476804
3400408876	747985910285873152
3400408876	730592574730174464
3400408876	772083073156583425
3400408876	812544613726593024
3400408876	833886607631478785
3400408876	848666712635396096
3400408876	4404309793
3400408876	726197769157758976
3400408876	3225833820
3400408876	3002198621
3400408876	3350029311
3400408876	827670367636295680
3400408876	756086857583226880
3400408876	776925864680304640
3400408876	778397348347207681
3400408876	717150204592590848
3400408876	795282830381252608
3400408876	799750614641045504
3400408876	2601731263
3400408876	732193730707505155
3400408876	2470223419
3400408876	853804580068634624
3400408876	4750021154
3400408876	809768421269311488
3400408876	848640583618842624
3400408876	4670873363
3400408876	3298960526
3400408876	834178127513415680
3400408876	3259086326
3400408876	843093407471812608
3400408876	2504561357
3400408876	790391646072418304
3400408876	3296861792
3400408876	726912422402002951
3400408876	2260881115
3400408876	837133125071355906
3400408876	1035642656
3400408876	781854155203833856
3400408876	776348576398118912
3400408876	865817201999192064
3400408876	866047604622327809
3400408876	866030948537782273
3400408876	2581938943
3400408876	865364506762981376
3400408876	852144984635707392
3400408876	3277571534
3400408876	474345841
3400408876	62545092
3400408876	373717410
3400408876	3510436034
3400408876	4851091977
3400408876	112170025
3400408876	859906657689751555
3400408876	791087454837207040
3400408876	767383705132290048
3400408876	780492360237064192
3400408876	812813662834540546
3400408876	2999848710
3400408876	730197678202720256
3400408876	794371870342553600
3400408876	748280382999642112
3400408876	703788266714222592
3400408876	2923604759
3400408876	4915015871
3400408876	3861656652
3400408876	817834893795332096
3400408876	3109846057
3400408876	2373203160
3400408876	859382304006955008
3400408876	3149726999
3400408876	2792194726
3400408876	713863482958090240
3400408876	799284561842761728
3400408876	2575953345
3400408876	758923908376465409
3400408876	3384610114
3400408876	759552180147879936
3400408876	4543371628
3400408876	4079890523
3400408876	3794672321
3400408876	723487713656246273
3400408876	3052961159
3400408876	2946870836
3400408876	2561642633
3400408876	2347372840
3400408876	808904961291669504
3400408876	810935603781074944
3400408876	802834308507508736
3400408876	4530238215
3400408876	850001010462519298
3400408876	733455572197093376
3400408876	865344921494061056
3400408876	755063896570990593
3400408876	1699723476
3400408876	3016288083
3400408876	3786106287
3400408876	637283216
3400408876	3082767282
3400408876	809471145326084096
3400408876	25492880
3400408876	20135509
3400408876	261773753
3400408876	207124723
3400408876	204963935
3400408876	240868534
3400408876	8809462
3400408876	25401682
3400408876	378530684
3400408876	303861784
3400408876	186037667
3400408876	97461737
3400408876	1672666154
