3078654066	3904591259
860881179909644290	3904591259
829575487638880256	3904591259
1653604752	3904591259
859212551283814400	3904591259
852953017469063170	3904591259
3237923126	3904591259
857968447598338050	3904591259
809148804092006401	3904591259
856215728822857728	3904591259
847934613423091712	3904591259
832582074188050432	3904591259
825117035713687553	3904591259
812035450256900096	3904591259
141730776	3904591259
1723707691	3904591259
830239479554256898	3904591259
755557061535072256	3904591259
818846628006215683	3904591259
833708669825085440	3904591259
786621010418163713	3904591259
827611353057808384	3904591259
753591017899712512	3904591259
823247861588590592	3904591259
820991256373370880	3904591259
814563528640184320	3904591259
832072618714882048	3904591259
818350472163721218	3904591259
802450499157000192	3904591259
821775950551674883	3904591259
4673894695	3904591259
4031588292	3904591259
795391424250445824	3904591259
806796871561715713	3904591259
3403404383	3904591259
817061628155858944	3904591259
794236854912614400	3904591259
818971918573465603	3904591259
4861149511	3904591259
787285807002480640	3904591259
825570228109180928	3904591259
820450205627744257	3904591259
811771429926604801	3904591259
598339097	3904591259
742720640558497792	3904591259
804593841768689665	3904591259
807347756780097542	3904591259
1367722171	3904591259
819323204996997120	3904591259
819064376170778624	3904591259
726737266580803584	3904591259
823067802227642369	3904591259
822520536332959744	3904591259
4905218481	3904591259
802692368126345216	3904591259
2195966826	3904591259
2181005251	3904591259
809242097677205504	3904591259
817130451575992320	3904591259
4765527030	3904591259
274152010	3904591259
716613806718234624	3904591259
813201532736913408	3904591259
814288753846087680	3904591259
816804259450748928	3904591259
815046161576902656	3904591259
810710715099205632	3904591259
817024682025222144	3904591259
786022057662255104	3904591259
471825072	3904591259
784057063802564608	3904591259
817101659809648645	3904591259
817011932561633280	3904591259
816897333942054912	3904591259
4130745010	3904591259
804837958243221504	3904591259
717910585573261312	3904591259
793651045029117953	3904591259
731138821404958720	3904591259
811025651578847232	3904591259
716335011331444736	3904591259
782231939319156742	3904591259
524826817	3904591259
728670419096473602	3904591259
764309359438524417	3904591259
813129470215385089	3904591259
810956145565298688	3904591259
2987944745	3904591259
815627455688019969	3904591259
3974713162	3904591259
751603259522121728	3904591259
731599557637902341	3904591259
810351697914712065	3904591259
809562603144019969	3904591259
806914415270313986	3904591259
757042211196379136	3904591259
1340743262	3904591259
792466955043217409	3904591259
2699102971	3904591259
810472038511104000	3904591259
788543272234934276	3904591259
738578641995501568	3904591259
740799031761330183	3904591259
700924857593286657	3904591259
3994400841	3904591259
4415847800	3904591259
2988292323	3904591259
211992299	3904591259
756648548762923008	3904591259
786510977843892224	3904591259
784269325536407552	3904591259
784081732727255040	3904591259
783072888492548096	3904591259
774217316368211968	3904591259
778361439610368000	3904591259
2502845071	3904591259
709117253183152129	3904591259
762712840285192192	3904591259
724474522171133952	3904591259
759321759761838080	3904591259
4836338373	3904591259
763790704200019968	3904591259
747855302943379456	3904591259
760770622980894720	3904591259
757273060181434369	3904591259
2712048053	3904591259
757461046722498560	3904591259
753410550143516673	3904591259
597164760	3904591259
4307592976	3904591259
754008153600040960	3904591259
747926658003283968	3904591259
755028838460039168	3904591259
253959206	3904591259
746574680685871104	3904591259
3349877939	3904591259
752981334923079681	3904591259
751997593773809664	3904591259
751561732968083456	3904591259
752569168067588096	3904591259
726944091569709056	3904591259
143978812	3904591259
740404213264592896	3904591259
745633241722290176	3904591259
728578049562836993	3904591259
612532082	3904591259
4260565439	3904591259
2670527023	3904591259
702713822738382848	3904591259
700981511323930624	3904591259
700999385568509952	3904591259
3084898901	3904591259
1032782635	3904591259
4516290213	3904591259
3559316360	3904591259
1036840249	3904591259
715292828868427778	3904591259
4879568193	3904591259
2516920758	3904591259
4807308797	3904591259
2298617510	3904591259
704096927756001280	3904591259
454883111	3904591259
702475142425923584	3904591259
702956507781062664	3904591259
703035276705341440	3904591259
3420106558	3904591259
4877086749	3904591259
3404550533	3904591259
703580016697802752	3904591259
703319858512011264	3904591259
476809723	3904591259
4928295489	3904591259
3904591259	154070583
3904591259	828742454
3904591259	206500951
3904591259	3076504738
3904591259	3078654066
3904591259	3272819808
3904591259	742197053984374784
3904591259	3076464103
3904591259	2856551996
3904591259	735339399421001728
3904591259	50460475
3904591259	812767515764031489
3904591259	3023098205
3904591259	2194542781
3904591259	278662460
3904591259	772290627300040704
3904591259	739844226024771584
3904591259	3101897659
3904591259	739451875
3904591259	432587869
3904591259	269957097
3904591259	1723707691
3904591259	2202401257
3904591259	811908242108346368
3904591259	827331154336370690
3904591259	2662929734
3904591259	784685158867668992
3904591259	791954803660238851
3904591259	818852706135654404
3904591259	815708461178580992
3904591259	795230788149088256
3904591259	754851968384983040
3904591259	3083378878
3904591259	786621010418163713
3904591259	772445197137391616
3904591259	274757956
3904591259	801231076014358528
3904591259	787924907841773568
3904591259	795631794288787457
3904591259	741088921308782592
3904591259	814563528640184320
3904591259	812464849011769344
3904591259	820991256373370880
3904591259	802450499157000192
3904591259	783720568415719424
3904591259	818350472163721218
3904591259	812035450256900096
3904591259	814300066961887232
3904591259	756048512979128320
3904591259	4159453828
3904591259	821775950551674883
3904591259	3754039577
3904591259	820141512654786560
3904591259	829184090045837312
3904591259	104879071
3904591259	2399521125
3904591259	809732617432080384
3904591259	4031588292
3904591259	795391424250445824
3904591259	813299731170557952
3904591259	806796871561715713
3904591259	4673894695
3904591259	792547506622193664
3904591259	731873915107221504
3904591259	821046897838358529
3904591259	4054657162
3904591259	2412690110
3904591259	817061628155858944
3904591259	815972940823097344
3904591259	814255880304783365
3904591259	3403404383
3904591259	816097019844497409
3904591259	705951920075218944
3904591259	1089247476
3904591259	3715918699
3904591259	4462867103
3904591259	1928909610
3904591259	3253782352
3904591259	4114452735
3904591259	4538708489
3904591259	764697319631622144
3904591259	1940233111
3904591259	4849506432
3904591259	787285807002480640
3904591259	4389589281
3904591259	779021025359097857
3904591259	2535094536
3904591259	500393412
3904591259	4502901073
3904591259	464053697
3904591259	814869486910242816
3904591259	768251667733241856
3904591259	742720640558497792
3904591259	811849738198913024
3904591259	819002388514217984
3904591259	3710582787
3904591259	598339097
3904591259	804593841768689665
3904591259	820450205627744257
3904591259	818971918573465603
3904591259	807347756780097542
3904591259	4830644097
3904591259	3426342933
3904591259	780745314126835713
3904591259	4921489698
3904591259	796445910913974272
3904591259	811575897497145345
3904591259	3383992455
3904591259	749646627560755200
3904591259	2284152085
3904591259	1367722171
3904591259	759355429830987777
3904591259	804218132298694656
3904591259	3310365967
3904591259	3315335113
3904591259	3275865326
3904591259	3051005236
3904591259	2268220586
3904591259	3076510263
3904591259	3026610632
3904591259	3071817356
3904591259	822520536332959744
3904591259	1120575199
3904591259	1721027850
3904591259	4905218481
3904591259	806183391896961024
3904591259	821869975
3904591259	802692368126345216
3904591259	2185523977
3904591259	706848283239407618
3904591259	799547715663306753
3904591259	4439470045
3904591259	3382576421
3904591259	796507000058314752
3904591259	820311357912477696
3904591259	2807903941
3904591259	792413902357327872
3904591259	817172559594745858
3904591259	3319681153
3904591259	2195966826
3904591259	2181005251
3904591259	809242097677205504
3904591259	291195851
3904591259	817130451575992320
3904591259	4555113864
3904591259	2710902979
3904591259	2908307252
3904591259	791865335120928768
3904591259	380787323
3904591259	752421615955161088
3904591259	2844415343
3904591259	293860769
3904591259	4128791114
3904591259	2907075323
3904591259	3251218345
3904591259	708489221506355200
3904591259	3121836072
3904591259	737422424338104320
3904591259	719334707540799488
3904591259	3318379177
3904591259	707038790997508096
3904591259	740365361183395842
3904591259	810600742654541824
3904591259	2414792341
3904591259	110077140
3904591259	813500789297713152
3904591259	274152010
3904591259	2602473460
3904591259	4765527030
3904591259	3352672515
3904591259	2429822024
3904591259	4861149511
3904591259	716613806718234624
3904591259	733518882162368512
3904591259	3029236451
3904591259	726156501597978630
3904591259	2875567647
3904591259	4494877895
3904591259	336851091
3904591259	1444857043
3904591259	3787124123
3904591259	165033159
3904591259	52283878
3904591259	390274454
3904591259	140741639
3904591259	705819610017374209
3904591259	817024682025222144
3904591259	816804259450748928
3904591259	813201532736913408
3904591259	810710715099205632
3904591259	751187328425725952
3904591259	814288753846087680
3904591259	815046161576902656
3904591259	765727305977192449
3904591259	816897333942054912
3904591259	817101659809648645
3904591259	784057063802564608
3904591259	3151012459
3904591259	768495435522670592
3904591259	32710840
3904591259	793983564
3904591259	953776610
3904591259	817819273544552448
3904591259	814560984815833089
3904591259	794236854912614400
3904591259	810667223169794048
3904591259	3294615611
3904591259	437936865
3904591259	751933292425932800
3904591259	2431070312
3904591259	779762509599412226
3904591259	786022057662255104
3904591259	471825072
3904591259	3255464791
3904591259	25236246
3904591259	4010368212
3904591259	3242675264
3904591259	3743502312
3904591259	4859172041
3904591259	4806151877
3904591259	1112402064
3904591259	4442042302
3904591259	715610029286625281
3904591259	4498242977
3904591259	717910585573261312
3904591259	333645062
3904591259	2723579963
3904591259	793651045029117953
3904591259	807821489705717760
3904591259	3439776951
3904591259	804837958243221504
3904591259	2779080727
3904591259	807726872125698048
3904591259	748382702018105344
3904591259	4920474573
3904591259	3389276241
3904591259	4077556810
3904591259	719576625218772992
3904591259	734383568508583938
3904591259	709546266410262528
3904591259	748620882222915585
3904591259	4820905102
3904591259	722064675559587841
3904591259	784760750057324545
3904591259	721825569806147584
3904591259	716335011331444736
3904591259	722575144301027330
3904591259	728055433223647232
3904591259	2539798518
3904591259	4032582393
3904591259	813417066007068672
3904591259	810956145565298688
3904591259	713577823475208192
3904591259	734566700188893184
3904591259	735636065118101504
3904591259	4885553963
3904591259	732215950582423552
3904591259	721106019720544256
3904591259	4571029216
3904591259	731138821404958720
3904591259	3399088851
3904591259	3948057073
3904591259	3390398213
3904591259	728670419096473602
3904591259	782231939319156742
3904591259	752614324695277572
3904591259	4352087914
3904591259	3718110015
3904591259	724125090431025152
3904591259	2308650890
3904591259	4836803873
3904591259	705486355200086017
3904591259	4415320455
3904591259	4343959949
3904591259	4056992968
3904591259	4631868622
3904591259	3090099153
3904591259	3122922373
3904591259	3221406956
3904591259	225951967
3904591259	1628149674
3904591259	785954008066199552
3904591259	868873333
3904591259	1875966462
3904591259	2271056419
3904591259	524826817
3904591259	2987944745
3904591259	758812388015480832
3904591259	814340135345123328
3904591259	813129470215385089
3904591259	811025651578847232
3904591259	2664799452
3904591259	764309359438524417
3904591259	3864360922
3904591259	815627455688019969
3904591259	524138951
3904591259	751603259522121728
3904591259	4036056868
3904591259	3974713162
3904591259	590279360
3904591259	731599557637902341
3904591259	814184932020891648
3904591259	810351697914712065
3904591259	430962277
3904591259	3401985184
3904591259	797636579305005056
3904591259	755557061535072256
3904591259	715502493204090881
3904591259	110377642
3904591259	15369265
3904591259	369934613
3904591259	128466223
3904591259	52661072
3904591259	158284325
3904591259	104673579
3904591259	113259902
3904591259	172552337
3904591259	776095787730239488
3904591259	4818105802
3904591259	2350361066
3904591259	3737955853
3904591259	4837049790
3904591259	4916082389
3904591259	751621105425657857
3904591259	751567016360677376
3904591259	783295776529063937
3904591259	2940597590
3904591259	2909059819
3904591259	373993596
3904591259	1943659879
3904591259	164998160
3904591259	1450967407
3904591259	695445200857006081
3904591259	704916097733173248
3904591259	45709328
3904591259	74274804
3904591259	736381011425009664
3904591259	3306221056
3904591259	3027016630
3904591259	2494071930
3904591259	524181600
3904591259	727325801046138880
3904591259	2514516276
3904591259	274935134
3904591259	2836065963
3904591259	420143323
3904591259	631007548
3904591259	775445251
3904591259	254982185
3904591259	147613022
3904591259	2697396541
3904591259	408177579
3904591259	806914415270313986
3904591259	757042211196379136
3904591259	2531352728
3904591259	4175083089
3904591259	3504128293
3904591259	4854607104
3904591259	771989469641572352
3904591259	792466955043217409
3904591259	2317873427
3904591259	3277362878
3904591259	147123130
3904591259	788543272234934276
3904591259	308564378
3904591259	4797666391
3904591259	359758703
3904591259	128487133
3904591259	2295631308
3904591259	3115548145
3904591259	4736030718
3904591259	278834776
3904591259	2613511795
3904591259	2869724244
3904591259	700924857593286657
3904591259	524293452
3904591259	1932287118
3904591259	742799945879556097
3904591259	3072258884
3904591259	3307580606
3904591259	3096419395
3904591259	3281582786
3904591259	4643641513
3904591259	710733351049515009
3904591259	739028637828014080
3904591259	2712637880
3904591259	2669306064
3904591259	2703427866
3904591259	2697956468
3904591259	2686964707
3904591259	834316544
3904591259	4808654482
3904591259	3222612363
3904591259	759221962279378946
3904591259	747792717850247168
3904591259	3099491655
3904591259	880899000
3904591259	706613424554258433
3904591259	770742634327400448
3904591259	3070733961
3904591259	4895677985
3904591259	2616560018
3904591259	706637117099737088
3904591259	4704414577
3904591259	2968425968
3904591259	2961773675
3904591259	724554282331156480
3904591259	2935125443
3904591259	213675253
3904591259	1730918582
3904591259	346604946
3904591259	1522352430
3904591259	543462047
3904591259	1708666860
3904591259	791824605878947840
3904591259	726835951608033280
3904591259	147810583
3904591259	798288715307225088
3904591259	768937959374684161
3904591259	4144012572
3904591259	3270357740
3904591259	2975747381
3904591259	3286488613
3904591259	760219634
3904591259	1154941110
3904591259	524152200
3904591259	49630962
3904591259	130491582
3904591259	1901850734
3904591259	4415847800
3904591259	137034706
3904591259	711031300329762816
3904591259	383543870
3904591259	2954881023
3904591259	2923961128
3904591259	1059314227
3904591259	2478052256
3904591259	442133097
3904591259	3270008076
3904591259	125150778
3904591259	2857872145
3904591259	3994400841
3904591259	211992299
3904591259	297426268
3904591259	179407717
3904591259	3024780721
3904591259	717721461616742401
3904591259	722110375102009346
3904591259	280659753
3904591259	420164165
3904591259	3098389662
3904591259	1442449802
3904591259	776100007137177601
3904591259	747625529189097472
3904591259	730391119549374464
3904591259	777629815650209793
3904591259	219596665
3904591259	3029471271
3904591259	239394793
3904591259	174266952
3904591259	2830720945
3904591259	152968869
3904591259	2173631072
3904591259	152967331
3904591259	52284349
3904591259	52012019
3904591259	940080582
3904591259	145925496
3904591259	2347784810
3904591259	2721485106
3904591259	1330338032
3904591259	884290165
3904591259	161419220
3904591259	26553420
3904591259	33654443
3904591259	249948422
3904591259	632110916
3904591259	221612615
3904591259	152966047
3904591259	700924189
3904591259	532929138
3904591259	338173747
3904591259	702234307
3904591259	2281915321
3904591259	2343706254
3904591259	617950382
3904591259	2283304580
3904591259	2281911146
3904591259	145954319
3904591259	91946403
3904591259	731186916448739329
3904591259	701565681557512192
3904591259	735622274267684865
3904591259	723944686264553474
3904591259	1023691218
3904591259	577401044
3904591259	614754689
3904591259	2325984198
3904591259	20523846
3904591259	2470131468
