803624087339708416	415836996
709136798946107393	415836996
805766747785547778	415836996
281632458	415836996
865458178850340864	415836996
918495667	415836996
4154071939	415836996
1424519778	415836996
756867878381580288	415836996
813687756731793408	415836996
865587226763079681	415836996
84059965	415836996
443815416	415836996
859655235454631937	415836996
2552882749	415836996
267492801	415836996
862611504972963841	415836996
867002936999649280	415836996
125024371	415836996
865869298048290816	415836996
2228972976	415836996
2906153937	415836996
3253197434	415836996
858583906202800128	415836996
767114299240165376	415836996
959371232	415836996
842021004608073728	415836996
844816352049225729	415836996
865397624525815809	415836996
2222274906	415836996
239717642	415836996
826587059271954433	415836996
32875472	415836996
858417436596502529	415836996
2703619680	415836996
69469543	415836996
862260907832819714	415836996
4198422679	415836996
855058660002639873	415836996
356630009	415836996
841739202945466369	415836996
4883639087	415836996
371999413	415836996
867113866509123586	415836996
98341304	415836996
243518367	415836996
274775846	415836996
516765889	415836996
26857843	415836996
1099725727	415836996
969341623	415836996
819953609915842560	415836996
791253275890753536	415836996
827504035225882624	415836996
4548799761	415836996
783507200018755584	415836996
43306669	415836996
51384135	415836996
4211363894	415836996
821812553290543104	415836996
54826678	415836996
836786722637770752	415836996
863646026854391808	415836996
824012113811148800	415836996
745021607240941568	415836996
2440804256	415836996
3447710843	415836996
846769686083702881	415836996
860243353576669184	415836996
818889177018355713	415836996
4196754560	415836996
357624464	415836996
210988606	415836996
835298413033902082	415836996
826878254795595776	415836996
302026211	415836996
790367515562082308	415836996
727245495093972992	415836996
348096769	415836996
818915234802974720	415836996
828106512698658816	415836996
716360897757716480	415836996
246859180	415836996
864568531991580674	415836996
2440549056	415836996
4427241869	415836996
4919183071	415836996
4250643275	415836996
859920612776693760	415836996
4809363137	415836996
824820495753367552	415836996
576870018	415836996
867002395640950784	415836996
848464451896561664	415836996
843194772038860800	415836996
858940563755868161	415836996
858965643369918464	415836996
867084517261156352	415836996
2163103399	415836996
783859123892858880	415836996
717132680035340289	415836996
866802087048478721	415836996
802692291416748032	415836996
867064862643372033	415836996
867060141836967936	415836996
231224316	415836996
865939694088970240	415836996
862132642782826496	415836996
856980585750831104	415836996
3406268367	415836996
834145174557188097	415836996
194656226	415836996
866401952183275520	415836996
804473168366882816	415836996
1931084401	415836996
708374636140974081	415836996
865557968925802497	415836996
855592948456501248	415836996
4862816637	415836996
821820833815465985	415836996
760841209355112448	415836996
865688142623510528	415836996
2821968451	415836996
864544763944484864	415836996
865672555990065152	415836996
865453561022251009	415836996
862246771170222080	415836996
859677787673833473	415836996
3270588001	415836996
854639977233133568	415836996
4594844191	415836996
22311812	415836996
862969178843643904	415836996
722133336634761216	415836996
344787654	415836996
860382856492855296	415836996
865787525780066304	415836996
863247435946237952	415836996
863073550835625984	415836996
865694195121479680	415836996
759549762	415836996
866516431105425408	415836996
863237600923967489	415836996
75736238	415836996
861655526148415488	415836996
1446411870	415836996
857959972075839488	415836996
862314758908723203	415836996
771778375413268481	415836996
866684442714177537	415836996
866083751603957760	415836996
2822783342	415836996
40869077	415836996
866819465517948929	415836996
863543801889120258	415836996
824367706015047681	415836996
7868082	415836996
3193516200	415836996
765557004211544064	415836996
830292038117580800	415836996
