810650298180075521	4506973215
2490876335	4506973215
752701090596986880	4506973215
801330055880278017	4506973215
794371386160594944	4506973215
2752311655	4506973215
777987954346262528	4506973215
757834611762221056	4506973215
4378029858	4506973215
746163619893755904	4506973215
630297459	4506973215
4262172981	4506973215
3173841173	4506973215
1020588559	4506973215
483456504	4506973215
1036588250	4506973215
3189610229	4506973215
4879215209	4506973215
3030540489	4506973215
705816980465405952	4506973215
2953443143	4506973215
4895188993	4506973215
711319482157944834	4506973215
4811288004	4506973215
706759843995099136	4506973215
2370764147	4506973215
4893180226	4506973215
1905518359	4506973215
4872296242	4506973215
1265705484	4506973215
576869119	4506973215
1264426020	4506973215
4506973215	42089825
4506973215	766581920
4506973215	107908255
4506973215	77493939
4506973215	116853613
4506973215	802727462459371520
4506973215	1349385086
4506973215	219328198
4506973215	339084041
4506973215	155473018
4506973215	192737946
4506973215	466994000
4506973215	155659213
4506973215	3000595366
4506973215	594924342
4506973215	870887810
4506973215	1236969025
4506973215	3343783391
4506973215	637207513
4506973215	374766739
4506973215	4706050895
4506973215	950341134
4506973215	112764971
4506973215	69962890
4506973215	792737639669633025
4506973215	1470879091
4506973215	821804662366105606
4506973215	410203574
4506973215	160370783
4506973215	364179941
4506973215	2490876335
4506973215	269547129
4506973215	103452377
4506973215	318319280
4506973215	160106968
4506973215	2488866541
4506973215	96634419
4506973215	522833766
4506973215	22324918
4506973215	217536807
4506973215	757834611762221056
4506973215	248939045
4506973215	61249387
4506973215	319981198
4506973215	1245154663
4506973215	4923952805
4506973215	274087824
4506973215	253755500
4506973215	279928610
4506973215	2796445224
4506973215	398306220
4506973215	748182254178996224
4506973215	755110666923638788
4506973215	3158325782
4506973215	1873730738
4506973215	1870207579
4506973215	589319578
4506973215	112244575
4506973215	589320254
4506973215	584548704
4506973215	37718134
4506973215	94224243
4506973215	934252460
4506973215	373360898
4506973215	411416613
4506973215	581189009
4506973215	495449762
4506973215	946685137
4506973215	248692867
4506973215	255707941
4506973215	729459777399607296
4506973215	2749944995
4506973215	3370764329
4506973215	1636820953
4506973215	46485425
4506973215	224223563
4506973215	60865434
4506973215	29479000
4506973215	1137461556
4506973215	625252204
4506973215	4260639088
4506973215	3030540489
4506973215	4794582199
4506973215	4175098936
4506973215	3420822611
4506973215	2953443143
4506973215	153900887
4506973215	2726472306
4506973215	631509940
4506973215	1578413168
4506973215	2694620161
4506973215	1631261682
4506973215	1496652259
4506973215	107402060
4506973215	159686537
4506973215	1914976982
4506973215	4811288004
4506973215	187657372
4506973215	2935634128
4506973215	30973
4506973215	153590993
4506973215	865688972
4506973215	2365951801
4506973215	3905702653
4506973215	4893180226
4506973215	2370764147
4506973215	3120402082
4506973215	3089975708
4506973215	2249712685
4506973215	25365536
4506973215	499204640
4506973215	2997862529
4506973215	365725528
4506973215	2610891704
4506973215	175173490
4506973215	2227381280
4506973215	3812461035
4506973215	1918022718
4506973215	4916619474
4506973215	1905518359
4506973215	63587087
4506973215	2804442048
4506973215	145830090
4506973215	2337843702
4506973215	246860523
4506973215	264162732
4506973215	205315741
4506973215	246980132
4506973215	4882045747
4506973215	577683552
4506973215	103550181
4506973215	152784006
4506973215	348377871
4506973215	271509175
4506973215	380092797
4506973215	300379346
4506973215	139827307
4506973215	1265705484
4506973215	4916713591
4506973215	4843653483
4506973215	807095
4506973215	79293791
4506973215	2557521
4506973215	47622935
4506973215	34329685
4506973215	878918731
4506973215	28291765
4506973215	189976149
4506973215	9075022
4506973215	924851732
4506973215	196753961
4506973215	251942144
4506973215	546350362
4506973215	30756753
4506973215	2978855735
4506973215	274590706
4506973215	359026465
4506973215	1388544253
4506973215	2327729550
4506973215	602336853
4506973215	134525522
4506973215	412790552
4506973215	190365654
4506973215	152872592
4506973215	259436239
4506973215	539543043
4506973215	586671909
4506973215	394734119
4506973215	1646370811
4506973215	75926770
4506973215	33975694
4506973215	2768365841
4506973215	374880699
4506973215	4570549276
4506973215	4872296242
4506973215	138791936
4506973215	3625743321
4506973215	110588256
4506973215	3613024455
