712640814099238912	4671854510
820814824233988097	4671854510
814305317706047491	4671854510
807670263588519936	4671854510
4544995874	4671854510
822219710251012096	4671854510
2350375614	4671854510
2302575380	4671854510
171337448	4671854510
824654038742425604	4671854510
792340218372239360	4671854510
4857451762	4671854510
853297698061025280	4671854510
859387252060823553	4671854510
1395790554	4671854510
1122600787	4671854510
859250916184272896	4671854510
168779459	4671854510
865763772077670400	4671854510
4773942794	4671854510
836618784903426050	4671854510
543609625	4671854510
816001365386391552	4671854510
867108850209406976	4671854510
855196374492733441	4671854510
717838724818579456	4671854510
752562786576830464	4671854510
3114243122	4671854510
867092981010051072	4671854510
262678367	4671854510
2967825309	4671854510
2210969700	4671854510
4121623469	4671854510
718654717652406272	4671854510
843172210726584324	4671854510
228952585	4671854510
622036488	4671854510
4490483052	4671854510
824130251521400833	4671854510
703789555950817281	4671854510
801346145448579072	4671854510
53553029	4671854510
3260919876	4671854510
833532794999500800	4671854510
839553773878054917	4671854510
720684304209223680	4671854510
4887537185	4671854510
323523004	4671854510
863414493459697664	4671854510
860939283917660164	4671854510
312619511	4671854510
867029313501224960	4671854510
867017147683360768	4671854510
97961287	4671854510
4596043993	4671854510
1345633033	4671854510
2788689588	4671854510
3768423680	4671854510
998966072	4671854510
3331292979	4671854510
860293123120943104	4671854510
529678789	4671854510
3063723556	4671854510
866824225947963392	4671854510
746999344889356288	4671854510
866747827682234368	4671854510
2814472971	4671854510
2483564154	4671854510
762970618367184898	4671854510
3270322532	4671854510
743607920	4671854510
728610491791085568	4671854510
866278469361033226	4671854510
297879163	4671854510
866660139792715776	4671854510
866632917690195968	4671854510
866632468711034880	4671854510
846656856105795584	4671854510
289637064	4671854510
4145653934	4671854510
208271500	4671854510
866580476286218240	4671854510
866578226725793792	4671854510
866564505114996736	4671854510
823659779889438720	4671854510
99129043	4671854510
796236543375486976	4671854510
860989371788533761	4671854510
16466714	4671854510
866447083448008704	4671854510
824226226671714305	4671854510
2920197253	4671854510
866405190886461440	4671854510
839263268220862464	4671854510
866372406683648001	4671854510
861642940019609602	4671854510
861640130712436736	4671854510
2836762316	4671854510
866350384591380481	4671854510
3060949343	4671854510
271722867	4671854510
847213104953827328	4671854510
866335091567476736	4671854510
863600387617505280	4671854510
841695305150144513	4671854510
721743852386852864	4671854510
2287992664	4671854510
743681459693617154	4671854510
796577160907649024	4671854510
34260372	4671854510
863240303704231936	4671854510
4911395024	4671854510
2807941075	4671854510
328298503	4671854510
783185593291436032	4671854510
2675612035	4671854510
1680350761	4671854510
770810768472285184	4671854510
1574737124	4671854510
823505849410666497	4671854510
864699820052692992	4671854510
709085010570051584	4671854510
2955138787	4671854510
1161887424	4671854510
2503339345	4671854510
381519753	4671854510
738113162201944064	4671854510
795538097119305728	4671854510
759040702038827008	4671854510
270727950	4671854510
934627502	4671854510
2723247133	4671854510
749139736598499328	4671854510
822122413345345536	4671854510
859241138447896576	4671854510
719308838462234624	4671854510
2890111122	4671854510
818568077575155713	4671854510
2900060231	4671854510
486318596	4671854510
784760862	4671854510
865649060597817344	4671854510
864515336175046656	4671854510
3133633698	4671854510
866036534318903296	4671854510
845114910086500352	4671854510
367189011	4671854510
3912486495	4671854510
701308169213972480	4671854510
3152187176	4671854510
2923197266	4671854510
864398650298028032	4671854510
865997378163048448	4671854510
865991525087535104	4671854510
865394308739866626	4671854510
2281368668	4671854510
865978279664156673	4671854510
813386085229154304	4671854510
2911420222	4671854510
864393824457457664	4671854510
808703466340110337	4671854510
2945499701	4671854510
784416873689387009	4671854510
3468671847	4671854510
1646419496	4671854510
819509770965184512	4671854510
836688870200619008	4671854510
1404070806	4671854510
857964225729368065	4671854510
788934809024360454	4671854510
1520887398	4671854510
754686648240185345	4671854510
3033380218	4671854510
865841249982574592	4671854510
709050261763919872	4671854510
856158413105098752	4671854510
863773363864346625	4671854510
3473591123	4671854510
855499055383883776	4671854510
831527172942725120	4671854510
232818322	4671854510
865814128794914816	4671854510
3500664918	4671854510
780443064770949122	4671854510
4844829168	4671854510
865790341701664768	4671854510
865785822058094593	4671854510
830359181823651842	4671854510
762431495961096193	4671854510
814781438721716224	4671854510
4107760815	4671854510
857938967533993984	4671854510
819329864301944832	4671854510
798674677	4671854510
828450767728054272	4671854510
851488927462506497	4671854510
2492534394	4671854510
852021691148402689	4671854510
747714058376347648	4671854510
808452001315037184	4671854510
4671854510	52487418
4671854510	633681762
4671854510	48581437
4671854510	44263136
4671854510	3187450880
4671854510	1062016255
4671854510	3257588845
4671854510	807670263588519936
4671854510	3355584928
4671854510	718424812046192640
4671854510	4662827412
4671854510	3050823441
4671854510	824654038742425604
4671854510	463370470
4671854510	130703572
4671854510	749700002503536640
4671854510	821536075
4671854510	1328228629
4671854510	838554772726771714
4671854510	1073040612
4671854510	1395790554
4671854510	770702415800729600
4671854510	3243383642
4671854510	2917013947
4671854510	865763772077670400
4671854510	39430235
4671854510	851285305554485248
4671854510	1927382460
4671854510	848834641058516992
4671854510	866887848053669888
4671854510	4023410181
4671854510	731100795425427456
4671854510	262678367
4671854510	349794693
4671854510	2967825309
4671854510	712355960128286720
4671854510	2182125729
4671854510	786049123912790016
4671854510	793393033
4671854510	42527672
4671854510	703789555950817281
4671854510	3322662828
4671854510	2611446842
4671854510	756222823471783938
4671854510	812143753733505024
4671854510	834188195264917505
4671854510	2245634503
4671854510	900754610
4671854510	2386387096
4671854510	430722021
4671854510	821280541404037121
4671854510	622036488
4671854510	838393418405593088
4671854510	840729925317464064
4671854510	2240387375
4671854510	2440820414
4671854510	953867604
4671854510	840558092685328384
4671854510	543609625
4671854510	424095542
4671854510	245630707
4671854510	840830895821021184
4671854510	808795597813776389
4671854510	458360075
4671854510	462105830
4671854510	4719573116
4671854510	823114205620379649
4671854510	749905728983343104
4671854510	1198737673
4671854510	105097456
4671854510	1589552107
4671854510	840925913198022656
4671854510	2409293682
4671854510	841208117157384192
4671854510	832933508666503168
4671854510	841347722615508992
4671854510	285725629
4671854510	841405420505878528
4671854510	832047772996075520
4671854510	711288299185381376
4671854510	4105267939
4671854510	403295593
4671854510	517890620
4671854510	801346145448579072
4671854510	53553029
4671854510	841737241433149441
4671854510	292066368
4671854510	2394854095
4671854510	127468009
4671854510	841904773909614593
4671854510	841907702834069504
4671854510	2365840851
4671854510	1968265754
4671854510	841928851861180416
4671854510	841176889242861568
4671854510	842014273320714240
4671854510	2259012816
4671854510	842138054777307136
4671854510	272994267
4671854510	1409581920
4671854510	1953779490
4671854510	3380603567
4671854510	801775297108459520
4671854510	44637328
4671854510	835623968711262209
4671854510	2982679289
4671854510	2453052497
4671854510	842247253402124289
4671854510	810213315666440194
4671854510	459098951
4671854510	97732155
4671854510	253695268
4671854510	26452787
4671854510	929702910
4671854510	742081987872198660
4671854510	635698748
4671854510	727023575635390465
4671854510	770929014
4671854510	1905469692
4671854510	4131544419
4671854510	729493688741662720
4671854510	817957457611763712
4671854510	18791366
4671854510	3719668341
4671854510	2728230520
4671854510	349268233
4671854510	3197488978
4671854510	787714345899732992
4671854510	1049373967
4671854510	777443669569863680
4671854510	841880379225169920
4671854510	841905196112482305
4671854510	842328966971174912
4671854510	3392428341
4671854510	153732271
4671854510	785022515877965824
4671854510	1206774445
4671854510	767415119915745280
4671854510	237794233
4671854510	843586809758187521
4671854510	2971257600
4671854510	843522844533309440
4671854510	3311668896
4671854510	1890203251
4671854510	116479474
4671854510	393620565
4671854510	816983418789646337
4671854510	919104080
4671854510	361605112
4671854510	3848154435
4671854510	4909188252
4671854510	824683527363031044
4671854510	544749107
4671854510	1533660091
4671854510	3022008652
4671854510	844136661592293376
4671854510	51450263
4671854510	1073215832
4671854510	313829848
4671854510	467660181
4671854510	844333443878207489
4671854510	844435938130448392
4671854510	842212847526543360
4671854510	407196581
4671854510	3230153909
4671854510	46449573
4671854510	4901454921
4671854510	1310893249
4671854510	3317259487
4671854510	827360184079118337
4671854510	844739477977231360
4671854510	294263360
4671854510	789328640475406336
4671854510	3114243122
4671854510	839646742408650752
4671854510	2458781232
4671854510	815920894124167168
4671854510	844937148402929664
4671854510	793241417950699522
4671854510	3621728179
4671854510	824687773676433411
4671854510	289227906
4671854510	1806458149
4671854510	793950630255755265
4671854510	845051748649762816
4671854510	711184254747680769
4671854510	2306136760
4671854510	50314768
4671854510	3232208875
4671854510	839808202321588224
4671854510	800002635835129856
4671854510	326909783
4671854510	804495171404648448
4671854510	2731654011
4671854510	719690392946491392
4671854510	456608260
4671854510	3033405296
4671854510	142164179
4671854510	795736541599502336
4671854510	567538119
