779139905817550848	735339399421001728
810932866771283968	735339399421001728
865655492483227648	735339399421001728
864509641253900288	735339399421001728
842567905900478466	735339399421001728
859162692665454592	735339399421001728
860139150757986305	735339399421001728
809164779466194944	735339399421001728
758123287373287424	735339399421001728
859096658239528961	735339399421001728
796848010156244992	735339399421001728
3904591259	735339399421001728
821175737390604288	735339399421001728
799713377002156032	735339399421001728
2521511582	735339399421001728
859388193476628480	735339399421001728
707392328894431232	735339399421001728
3325832728	735339399421001728
2458950343	735339399421001728
3319057562	735339399421001728
3426908830	735339399421001728
2182539757	735339399421001728
760910564659003393	735339399421001728
810333311792975872	735339399421001728
2652433585	735339399421001728
831211803430486019	735339399421001728
798586876743581696	735339399421001728
726737266580803584	735339399421001728
830921672286994437	735339399421001728
842467191731720195	735339399421001728
840589517228785665	735339399421001728
4126665694	735339399421001728
1178976920	735339399421001728
822953476464504832	735339399421001728
1134719952	735339399421001728
799003750878720000	735339399421001728
792051894369808384	735339399421001728
832286971418595329	735339399421001728
593909024	735339399421001728
835943686974353409	735339399421001728
825117037756297216	735339399421001728
833016557945106432	735339399421001728
755871198014210049	735339399421001728
713121936155533315	735339399421001728
829569951644135424	735339399421001728
824308402088275970	735339399421001728
810511736075915264	735339399421001728
825656313539600385	735339399421001728
719213388899987458	735339399421001728
3349572651	735339399421001728
824384805777379331	735339399421001728
606412878	735339399421001728
823021401263263745	735339399421001728
822812745083011072	735339399421001728
805637698325250052	735339399421001728
274757956	735339399421001728
2811152975	735339399421001728
1626661802	735339399421001728
818288289283182592	735339399421001728
1297264633	735339399421001728
806247628161896448	735339399421001728
769176023669678081	735339399421001728
814572336347222016	735339399421001728
814288753846087680	735339399421001728
104879071	735339399421001728
813099370916827136	735339399421001728
2844415343	735339399421001728
729014815990026240	735339399421001728
814230825529122816	735339399421001728
813468734828539904	735339399421001728
4823372372	735339399421001728
813910434445201408	735339399421001728
304774755	735339399421001728
810850271953846272	735339399421001728
810902187895361536	735339399421001728
3345800079	735339399421001728
804410358215622656	735339399421001728
808442311764045825	735339399421001728
2886152530	735339399421001728
789703809219989504	735339399421001728
792968712592719872	735339399421001728
1267740750	735339399421001728
591428876	735339399421001728
3312003871	735339399421001728
808022143518785536	735339399421001728
774671985158881280	735339399421001728
806019207020314624	735339399421001728
774318807125024769	735339399421001728
710131582779019264	735339399421001728
806237126132113409	735339399421001728
3189669451	735339399421001728
770706966469574657	735339399421001728
800466397360816128	735339399421001728
3908703974	735339399421001728
3373429011	735339399421001728
800873948363816961	735339399421001728
3534485952	735339399421001728
2267820278	735339399421001728
383856958	735339399421001728
2230277538	735339399421001728
783796224847704065	735339399421001728
2664799452	735339399421001728
802740360896270336	735339399421001728
2160347983	735339399421001728
1467024493	735339399421001728
490570244	735339399421001728
800449534534905856	735339399421001728
728403980955623424	735339399421001728
775812698424479749	735339399421001728
3382576421	735339399421001728
798697549188231168	735339399421001728
75086091	735339399421001728
757989728935378944	735339399421001728
787537409785430017	735339399421001728
799056247857233921	735339399421001728
750050533	735339399421001728
713055713543716864	735339399421001728
797548507985051649	735339399421001728
755513171822120960	735339399421001728
4837204757	735339399421001728
754292767715721216	735339399421001728
3359442591	735339399421001728
704862251300352000	735339399421001728
508867997	735339399421001728
783548271264489472	735339399421001728
3961171012	735339399421001728
824439296	735339399421001728
773709933359562752	735339399421001728
768123892443516928	735339399421001728
4210149921	735339399421001728
3084399346	735339399421001728
2886347841	735339399421001728
1939307646	735339399421001728
773318453390286848	735339399421001728
773316859605061632	735339399421001728
631924277	735339399421001728
771002059424354304	735339399421001728
2921801049	735339399421001728
738510737312735232	735339399421001728
733647061321580548	735339399421001728
766423994346209280	735339399421001728
3131201751	735339399421001728
257304202	735339399421001728
4855492648	735339399421001728
269525822	735339399421001728
1219138616	735339399421001728
4855395940	735339399421001728
849634634	735339399421001728
715245582542049280	735339399421001728
712458172443787265	735339399421001728
1958572562	735339399421001728
2327878909	735339399421001728
3249074011	735339399421001728
114937107	735339399421001728
747629813213634562	735339399421001728
4708415332	735339399421001728
2606541002	735339399421001728
138130066	735339399421001728
747127336072515584	735339399421001728
3084235243	735339399421001728
716273379955843074	735339399421001728
746056417174503424	735339399421001728
726973247577681921	735339399421001728
719008451372953600	735339399421001728
3177941121	735339399421001728
4804619792	735339399421001728
739095966448390145	735339399421001728
708453965025964032	735339399421001728
3396493389	735339399421001728
721775020196777984	735339399421001728
3310896183	735339399421001728
3171616313	735339399421001728
979239230	735339399421001728
4143829487	735339399421001728
3584453115	735339399421001728
3171926195	735339399421001728
3158801216	735339399421001728
4924914407	735339399421001728
3915066921	735339399421001728
1500759469	735339399421001728
4080909681	735339399421001728
3192720214	735339399421001728
730543322859773953	735339399421001728
730409763729768449	735339399421001728
3326378959	735339399421001728
730164729486946304	735339399421001728
729857927901675521	735339399421001728
735339399421001728	2724236868
735339399421001728	44129714
735339399421001728	2391232105
735339399421001728	573299587
735339399421001728	956888370
735339399421001728	1007298607
735339399421001728	3271715754
735339399421001728	3346359134
735339399421001728	743648464723124224
735339399421001728	759855699329359872
735339399421001728	764642636103872512
735339399421001728	861579438244241411
735339399421001728	831518401730220032
735339399421001728	3256722449
735339399421001728	831448400612691969
735339399421001728	847014086038605824
735339399421001728	809164779466194944
735339399421001728	859407993997283328
735339399421001728	2521511582
735339399421001728	87015995
735339399421001728	147448614
735339399421001728	843093144799526914
735339399421001728	2182539757
735339399421001728	810333311792975872
735339399421001728	748382702018105344
735339399421001728	9695312
735339399421001728	274935134
735339399421001728	259246193
735339399421001728	1374069150
735339399421001728	833575085256564736
735339399421001728	820389367143419905
735339399421001728	1178976920
735339399421001728	637313893
735339399421001728	799003750878720000
735339399421001728	819686238722650113
735339399421001728	823541133502533633
735339399421001728	792051894369808384
735339399421001728	3994506683
735339399421001728	832286971418595329
735339399421001728	801224698663211009
735339399421001728	4826997425
735339399421001728	3279284858
735339399421001728	4064977984
735339399421001728	4828051827
735339399421001728	4767096976
735339399421001728	2689129160
735339399421001728	3373429011
735339399421001728	765420183418605568
735339399421001728	797200430258388993
735339399421001728	713121936155533315
735339399421001728	2805984276
735339399421001728	810511736075915264
735339399421001728	2940780173
735339399421001728	2960272114
735339399421001728	797467519426719744
735339399421001728	606412878
735339399421001728	3008949714
735339399421001728	4528619480
735339399421001728	3314485566
735339399421001728	403255314
735339399421001728	3195319088
735339399421001728	71626835
735339399421001728	154590712
735339399421001728	3162947090
735339399421001728	24780172
735339399421001728	154591990
735339399421001728	154591004
735339399421001728	210341090
735339399421001728	818288289283182592
735339399421001728	274757956
735339399421001728	1297264633
735339399421001728	806247628161896448
735339399421001728	254976753
735339399421001728	774051381539901440
735339399421001728	793353793681301504
735339399421001728	44953111
735339399421001728	817076425308061696
735339399421001728	1244497723
735339399421001728	814288753846087680
735339399421001728	104879071
735339399421001728	2844415343
735339399421001728	2512860697
735339399421001728	233456181
735339399421001728	361062981
735339399421001728	464454076
735339399421001728	465219474
735339399421001728	466127190
735339399421001728	729014815990026240
735339399421001728	813468734828539904
735339399421001728	814230825529122816
735339399421001728	304774755
735339399421001728	3016312933
735339399421001728	810902187895361536
735339399421001728	168145530
735339399421001728	3345800079
735339399421001728	804410358215622656
735339399421001728	808442311764045825
735339399421001728	88976515
735339399421001728	2886152530
735339399421001728	806558063603941378
735339399421001728	806547022635483136
735339399421001728	805094479111798784
735339399421001728	805121044478656512
735339399421001728	804065272806146052
735339399421001728	806535574081404928
735339399421001728	805556172325584896
735339399421001728	805460627112263680
735339399421001728	779065527037812736
735339399421001728	708070513776705536
735339399421001728	1267740750
735339399421001728	350374490
735339399421001728	462387213
735339399421001728	808022143518785536
735339399421001728	862693758
735339399421001728	723008312631918592
735339399421001728	710131582779019264
735339399421001728	774318807125024769
735339399421001728	51165714
735339399421001728	3189669451
735339399421001728	17951326
735339399421001728	3908703974
735339399421001728	3534485952
735339399421001728	2613511795
735339399421001728	1469309059
735339399421001728	4160084352
735339399421001728	2272654854
735339399421001728	1483631928
735339399421001728	2267820278
735339399421001728	802740360896270336
735339399421001728	450585486
735339399421001728	2230277538
735339399421001728	783796224847704065
735339399421001728	302551167
735339399421001728	2664799452
735339399421001728	3465993792
735339399421001728	1467024493
735339399421001728	2160347983
735339399421001728	490570244
735339399421001728	775812698424479749
735339399421001728	728403980955623424
735339399421001728	268414482
735339399421001728	3382576421
735339399421001728	798697549188231168
735339399421001728	3747006194
735339399421001728	75086091
735339399421001728	975000510
735339399421001728	2770265182
735339399421001728	757989728935378944
735339399421001728	787537409785430017
735339399421001728	755513171822120960
735339399421001728	799056247857233921
735339399421001728	580376538
735339399421001728	750050533
735339399421001728	713055713543716864
735339399421001728	2415112331
735339399421001728	797548507985051649
735339399421001728	3291523489
735339399421001728	712890188633022464
735339399421001728	1645542504
735339399421001728	2575246178
735339399421001728	701431887915405316
735339399421001728	2540139740
735339399421001728	2927064158
735339399421001728	4803103932
735339399421001728	4091755632
735339399421001728	784760750057324545
735339399421001728	2280865616
735339399421001728	3197517331
735339399421001728	2761464558
735339399421001728	754292767715721216
735339399421001728	4383676212
735339399421001728	2373235274
735339399421001728	1591131403
735339399421001728	2985931108
735339399421001728	1173787748
735339399421001728	4106218520
735339399421001728	3428584629
735339399421001728	2587837026
735339399421001728	3390398213
735339399421001728	2847202303
735339399421001728	4847124256
735339399421001728	2891975504
735339399421001728	2294369533
735339399421001728	2392691502
735339399421001728	3223542445
735339399421001728	3411385978
735339399421001728	742170430388244480
735339399421001728	295338146
735339399421001728	759585997
735339399421001728	508867997
735339399421001728	345304845
735339399421001728	269525822
735339399421001728	568871711
735339399421001728	824439296
735339399421001728	3961171012
735339399421001728	483142200
735339399421001728	625784725
735339399421001728	3065834673
735339399421001728	3111817826
735339399421001728	3082338689
735339399421001728	2304478616
735339399421001728	2224068433
735339399421001728	3124399687
735339399421001728	3049546716
735339399421001728	760896986539233280
735339399421001728	3064724045
735339399421001728	2562464496
735339399421001728	3045045193
735339399421001728	3058979263
735339399421001728	3247149975
735339399421001728	702524720479150080
735339399421001728	2442825420
735339399421001728	749818308870811648
735339399421001728	2912336186
735339399421001728	274272590
735339399421001728	52012019
735339399421001728	1513854438
735339399421001728	1878450026
735339399421001728	168683422
735339399421001728	721908777218215936
735339399421001728	523946524
735339399421001728	21441186
735339399421001728	2720801457
735339399421001728	834702151
735339399421001728	1939307646
735339399421001728	3434460041
735339399421001728	335141638
735339399421001728	1409798257
735339399421001728	3030158859
735339399421001728	4855888913
735339399421001728	3480478035
735339399421001728	1591472053
735339399421001728	738510737312735232
735339399421001728	2921801049
735339399421001728	771002059424354304
735339399421001728	132887257
735339399421001728	30823510
735339399421001728	1391356994
735339399421001728	711684961107968001
735339399421001728	2529381906
735339399421001728	757602757922684928
735339399421001728	233890783
735339399421001728	720218112147087360
735339399421001728	714321952580640768
735339399421001728	709145113
735339399421001728	2793180643
735339399421001728	3405545782
735339399421001728	4474255462
735339399421001728	719824014265421824
735339399421001728	1541469230
735339399421001728	1026971341
735339399421001728	1958572562
735339399421001728	2557256258
735339399421001728	2778141638
735339399421001728	3243988048
735339399421001728	747209129979150336
735339399421001728	712458172443787265
735339399421001728	747127336072515584
735339399421001728	2327878909
735339399421001728	3219517953
735339399421001728	4708415332
735339399421001728	747629813213634562
735339399421001728	114937107
735339399421001728	3249074011
735339399421001728	3064290305
735339399421001728	747064439497703426
735339399421001728	708828468545458177
735339399421001728	3258611156
735339399421001728	746056417174503424
735339399421001728	22324918
735339399421001728	716273379955843074
735339399421001728	3084235243
735339399421001728	427790377
735339399421001728	712865855210700800
735339399421001728	2944235993
735339399421001728	3244380151
735339399421001728	111170723
735339399421001728	279928610
735339399421001728	122556667
735339399421001728	398306220
735339399421001728	276393603
735339399421001728	706870685004595200
735339399421001728	713899799527964673
735339399421001728	3286506980
735339399421001728	1970061230
735339399421001728	2421453468
735339399421001728	705161622885523456
735339399421001728	2328961336
735339399421001728	1217191705
735339399421001728	3979375754
735339399421001728	721775020196777984
735339399421001728	708453965025964032
735339399421001728	3396493389
735339399421001728	2844589504
735339399421001728	2438531765
735339399421001728	721028293663858689
735339399421001728	712026835215716353
735339399421001728	4804619792
735339399421001728	705615251664928768
735339399421001728	705556156836679681
735339399421001728	3177941121
735339399421001728	3158661996
735339399421001728	702710328702988290
735339399421001728	3913815502
735339399421001728	3181506610
735339399421001728	3036794971
735339399421001728	737497060828545026
735339399421001728	700465882737221633
735339399421001728	3171926195
735339399421001728	4018377382
735339399421001728	3310896183
735339399421001728	1515804247
735339399421001728	2776039712
735339399421001728	3207215001
735339399421001728	4143829487
735339399421001728	4924914407
735339399421001728	711582699572621312
735339399421001728	4358273056
735339399421001728	714175730670833664
735339399421001728	1500759469
735339399421001728	735232610918662144
735339399421001728	3915066921
735339399421001728	705139329304281088
735339399421001728	3068239503
735339399421001728	2566862269
735339399421001728	3171616313
735339399421001728	3171982233
735339399421001728	3304776204
735339399421001728	602982428
735339399421001728	4080909681
735339399421001728	3584453115
735339399421001728	3174897544
735339399421001728	3158801216
735339399421001728	3915159142
735339399421001728	72062163
735339399421001728	3131201751
735339399421001728	703028219411341313
735339399421001728	3192720214
735339399421001728	979239230
735339399421001728	1545942775
735339399421001728	180154472
735339399421001728	81285400
735339399421001728	730543322859773953
735339399421001728	729392575145246720
735339399421001728	2976986296
735339399421001728	4376968708
735339399421001728	4166102849
735339399421001728	4232038841
735339399421001728	2686438316
735339399421001728	3158650873
735339399421001728	337934240
735339399421001728	727328742956216320
735339399421001728	2361892184
735339399421001728	2363505009
735339399421001728	2857988830
735339399421001728	3014008345
735339399421001728	202457837
735339399421001728	2540028067
735339399421001728	160104977
735339399421001728	226447154
735339399421001728	574077145
735339399421001728	731273280875823105
735339399421001728	3326378959
735339399421001728	729857927901675521
735339399421001728	730164729486946304
