3857869426	775204423
3182263679	775204423
2934637054	775204423
867141044844060672	775204423
867141781087031298	775204423
865728493216305153	775204423
843488317966573568	775204423
865167608055607296	775204423
1512608232	775204423
3098258796	775204423
866822307121172481	775204423
865688580617904129	775204423
846052912400883712	775204423
819755850885636097	775204423
4884159730	775204423
747921634976227329	775204423
1918693964	775204423
845884750426492928	775204423
33857467	775204423
4695148794	775204423
1499362136	775204423
707508905148948480	775204423
750348625373519872	775204423
835460172491411456	775204423
4865296595	775204423
2943928673	775204423
838951632440188929	775204423
170541301	775204423
2674498442	775204423
855549907201142786	775204423
865674303685234688	775204423
3122720473	775204423
844236100084232193	775204423
3514483341	775204423
841731029324963842	775204423
864507878052417536	775204423
865392948732710912	775204423
278225806	775204423
3013703240	775204423
865363139180855296	775204423
811179690824257536	775204423
765404714557067264	775204423
810794571156361217	775204423
4685190180	775204423
149664076	775204423
382631261	775204423
1629151884	775204423
864857668107870208	775204423
3010616836	775204423
3799739247	775204423
853599830740017152	775204423
843026895369359360	775204423
2846870883	775204423
806915129765789696	775204423
846651103135461376	775204423
824922257906561024	775204423
796506054033076225	775204423
96463568	775204423
852231807953231872	775204423
43570256	775204423
840791305	775204423
2941614825	775204423
3380568052	775204423
745385562207588353	775204423
864288466246533127	775204423
815678907588427776	775204423
626173637	775204423
864375718406479872	775204423
837374425913786371	775204423
51686585	775204423
4898238554	775204423
3272610984	775204423
774707570850136064	775204423
853199646637735936	775204423
784758514883321856	775204423
4898389329	775204423
851575952291311616	775204423
864061946676604928	775204423
731527132338249728	775204423
242980801	775204423
3038541493	775204423
837319481152139264	775204423
1477906142	775204423
913366633	775204423
1258314560	775204423
1441271443	775204423
863733919602143234	775204423
3154699528	775204423
828767069999087616	775204423
17033659	775204423
853955148975964160	775204423
4165660099	775204423
729390178561761280	775204423
1002108372	775204423
743815693666254848	775204423
842065807995731969	775204423
777695858951352320	775204423
833263022294511616	775204423
2326483765	775204423
1220906102	775204423
298320386	775204423
2821410358	775204423
854201739414732804	775204423
848254981736214528	775204423
827538585721122816	775204423
388542168	775204423
860691097156292608	775204423
4586810837	775204423
2794651301	775204423
822268392660824064	775204423
3258189942	775204423
3305339642	775204423
2743994452	775204423
861457678039523329	775204423
862734766830956545	775204423
798862741171818496	775204423
266846339	775204423
844450327319465985	775204423
847443695922061313	775204423
861981877858521089	775204423
748242712227385348	775204423
4801281204	775204423
913068162	775204423
838070391922884614	775204423
773364774264565761	775204423
1292222114	775204423
1650231168	775204423
858150875444822016	775204423
804750365417701377	775204423
837440320652607492	775204423
729194165318262784	775204423
1702484641	775204423
994133490	775204423
833466074737807360	775204423
859509489480773632	775204423
2257294157	775204423
730165773805748224	775204423
846911522123210752	775204423
2754486496	775204423
2413934518	775204423
858345704841936900	775204423
182642746	775204423
199173987	775204423
4732199906	775204423
795318295620702210	775204423
794528276123262976	775204423
4473568392	775204423
830657005132083200	775204423
4830430704	775204423
1597726891	775204423
833031733675175937	775204423
827037091490103297	775204423
806929626505375744	775204423
1888044932	775204423
834132415035613186	775204423
2959976629	775204423
577128623	775204423
2448324182	775204423
4258830552	775204423
805446445180588032	775204423
844996751442526208	775204423
2939601425	775204423
827272791120441345	775204423
717808871428005888	775204423
3293107518	775204423
3324655508	775204423
833000497376137216	775204423
3258820589	775204423
847490818705195008	775204423
3615265940	775204423
842609795890798597	775204423
3234321330	775204423
803183489084432385	775204423
3227661095	775204423
3214439329	775204423
3111038524	775204423
708727727801511937	775204423
820469073427345409	775204423
798054674813382656	775204423
841893127115939841	775204423
3228209309	775204423
860972210416046080	775204423
759356502834548736	775204423
827892618218582017	775204423
841318484063715328	775204423
845702597331709953	775204423
833225314633256960	775204423
415660244	775204423
792453460406960128	775204423
4790291957	775204423
343511288	775204423
727583274671935489	775204423
2463703664	775204423
2766022306	775204423
714594993315274752	775204423
1129524037	775204423
715560450407194625	775204423
3091753000	775204423
738998978268647424	775204423
859211389394604032	775204423
775204423	859844986057232385
775204423	771804490336968705
775204423	851575952291311616
775204423	2279132768
775204423	2286916054
775204423	1869432104
775204423	826226616074371072
775204423	734467242243592194
775204423	1346554454
775204423	3350791553
775204423	3792972093
775204423	2302134330
775204423	1170411673
775204423	745057625897840640
775204423	600347200
775204423	2986538476
775204423	734787135509811200
775204423	774446287
775204423	2154214027
775204423	256792701
775204423	703370041132187649
775204423	297261752
775204423	343511288
775204423	1691497260
775204423	2759031554
775204423	2983552916
775204423	1027127720
775204423	2172446191
775204423	3383227152
775204423	1274656796
775204423	853835845538906112
775204423	3029770429
775204423	3024530760
775204423	2772775337
775204423	3288709839
775204423	754137664551550981
775204423	840739052928163840
775204423	439478464
775204423	625561256
775204423	173958246
775204423	3063297358
775204423	820074206079504384
775204423	584607118
775204423	1335590784
775204423	457984271
775204423	3883386635
775204423	1519491012
775204423	253322054
775204423	857746911155105792
775204423	743117094192046080
775204423	592984646
775204423	822654078044033024
775204423	3387885911
775204423	3720362897
775204423	99631673
775204423	2546860649
775204423	795760805954416640
775204423	1545974456
775204423	1946957256
775204423	1184224440
775204423	3786457877
775204423	623096008
775204423	2571716156
775204423	2666919116
775204423	1888044932
775204423	3028224080
775204423	2740253821
775204423	709463044917760000
775204423	4818407399
775204423	807939269327261701
775204423	913068162
775204423	1374578598
775204423	3110986958
775204423	2187097997
775204423	763007858220920832
775204423	964611349
775204423	4440919697
775204423	868372927
775204423	2803824370
775204423	2476609054
775204423	2800370585
775204423	4654227375
775204423	796154256449376256
775204423	840995213636194306
775204423	3159239259
775204423	3903104068
775204423	805266624555192320
775204423	522562617
775204423	2670286588
775204423	1703211086
775204423	3322699592
775204423	815695744904609792
775204423	766105535452160002
775204423	634914061
775204423	1857893910
775204423	739544503678275584
775204423	2746096376
775204423	796999394
775204423	776119035041832960
775204423	784796833964896256
775204423	1305119588
775204423	789976706249478145
775204423	730927238795956225
775204423	1366007545
775204423	748585354698031104
775204423	1107145142
775204423	218175810
775204423	736833137892696064
775204423	821098743869083648
775204423	2977440935
775204423	748827909490638848
775204423	2343226444
775204423	994905948
775204423	810314067378176001
775204423	2892351538
775204423	2974757723
775204423	535432947
775204423	755937778538520576
775204423	2344418215
775204423	795421252555051008
775204423	4344397773
775204423	832434109028900864
775204423	4851631277
775204423	3054740397
775204423	704006229811539969
775204423	395163534
775204423	2499975544
775204423	753263703169040384
775204423	715240793083158528
775204423	4317430634
775204423	742506843675693057
775204423	4639542480
775204423	544861386
775204423	1602697862
775204423	2199374547
775204423	3734188153
775204423	4786134325
775204423	3112255563
775204423	2763507879
775204423	193066717
775204423	2615461985
775204423	1921404050
775204423	3369599027
775204423	818320023085314048
775204423	783775956217556992
775204423	3036259244
775204423	749779787661455360
775204423	1343238018
775204423	626173637
775204423	110538230
775204423	1905653102
775204423	626018161
775204423	742219188870230016
775204423	1539951530
775204423	1849612376
775204423	1260400284
775204423	4670882642
775204423	746726592802492416
775204423	3040541804
775204423	758563540286312449
775204423	853285978529832960
775204423	3197424624
775204423	1954984082
775204423	762849437265698822
775204423	774649608333123585
775204423	2696331311
775204423	2658136770
775204423	2640141584
775204423	3146687968
775204423	859552400
775204423	798358711651680256
775204423	3035585517
775204423	2604147015
775204423	821230087701954561
775204423	2951638257
775204423	3308477635
775204423	1038300691
775204423	711216199456006145
775204423	827298962411495424
775204423	3531461293
775204423	757799962130341888
775204423	710936935036899329
775204423	818147066052562944
775204423	2528870225
775204423	1041748722
775204423	281700221
775204423	3317204739
775204423	815482967627886592
775204423	807664558483656705
775204423	2587505828
775204423	3708942433
775204423	3228209309
775204423	746543378670596097
775204423	3063465116
775204423	795041273535139840
775204423	199933583
775204423	4560846193
775204423	2784874106
775204423	813973868264255488
775204423	757354190779723776
