210998702	779139905817550848
832330906291601408	779139905817550848
852650241631428610	779139905817550848
2174322548	779139905817550848
857947406096379908	779139905817550848
3212133669	779139905817550848
827108878433271808	779139905817550848
860898559801077760	779139905817550848
730895154333130753	779139905817550848
3430015456	779139905817550848
855024257969135617	779139905817550848
272018326	779139905817550848
2645901226	779139905817550848
816800251503898624	779139905817550848
2805929705	779139905817550848
3769439899	779139905817550848
866659585112776705	779139905817550848
812835836265951232	779139905817550848
859090004462755841	779139905817550848
4868081975	779139905817550848
863031465059139586	779139905817550848
865711765379829762	779139905817550848
816586692509302784	779139905817550848
828612616243314688	779139905817550848
866804971840450560	779139905817550848
742205272764997633	779139905817550848
807320714844000256	779139905817550848
850770808058392577	779139905817550848
830478600554020865	779139905817550848
866740753002893312	779139905817550848
866717689976324096	779139905817550848
866397436348071940	779139905817550848
174007534	779139905817550848
807068357648322561	779139905817550848
797902053729243137	779139905817550848
859108817661038593	779139905817550848
843572444707414017	779139905817550848
834990922907648000	779139905817550848
856482001984962560	779139905817550848
858999367373537280	779139905817550848
860808607964602368	779139905817550848
786715157997162496	779139905817550848
4167594737	779139905817550848
794583886131032064	779139905817550848
800187185731207168	779139905817550848
860918873188691970	779139905817550848
777167456016228352	779139905817550848
1095783602	779139905817550848
106317424	779139905817550848
3013200166	779139905817550848
1528752792	779139905817550848
865307716285333506	779139905817550848
4310335240	779139905817550848
2382988297	779139905817550848
3288684701	779139905817550848
548240797	779139905817550848
2636435345	779139905817550848
720415264131715072	779139905817550848
764979133566754821	779139905817550848
2391522949	779139905817550848
3021586352	779139905817550848
4617016348	779139905817550848
4247149887	779139905817550848
2235780498	779139905817550848
838270540053950464	779139905817550848
850542458974986245	779139905817550848
859181522540269568	779139905817550848
2907191044	779139905817550848
126205719	779139905817550848
840728202918146048	779139905817550848
2485775559	779139905817550848
2230336940	779139905817550848
811714621820305408	779139905817550848
4860846930	779139905817550848
758311238073978884	779139905817550848
732726597241995269	779139905817550848
799780666611236864	779139905817550848
1375693964	779139905817550848
2150006102	779139905817550848
838907389910867970	779139905817550848
249896827	779139905817550848
818310743015747584	779139905817550848
309987001	779139905817550848
2299732195	779139905817550848
3294429800	779139905817550848
736633255290675200	779139905817550848
866429106161938432	779139905817550848
707368317615345664	779139905817550848
866456756913819650	779139905817550848
3176995556	779139905817550848
785009526944722944	779139905817550848
142857191	779139905817550848
842430759705034752	779139905817550848
866418692418088963	779139905817550848
2725729411	779139905817550848
446128206	779139905817550848
620980770	779139905817550848
848172353456615425	779139905817550848
856978684728811523	779139905817550848
824710472221990912	779139905817550848
859507363212087298	779139905817550848
866286775718690816	779139905817550848
860223273442914304	779139905817550848
723366529597722625	779139905817550848
794933328793260032	779139905817550848
859896050638884865	779139905817550848
2886347841	779139905817550848
829695291032997888	779139905817550848
2960444854	779139905817550848
807425877504118784	779139905817550848
758492109582184448	779139905817550848
770412129329512448	779139905817550848
3724564216	779139905817550848
717848893745135616	779139905817550848
866365300786200576	779139905817550848
827316568119971840	779139905817550848
866372366686986240	779139905817550848
2881857629	779139905817550848
831522280081612803	779139905817550848
793225307176198144	779139905817550848
533886239	779139905817550848
874619234	779139905817550848
808720436905316353	779139905817550848
834582274876248064	779139905817550848
839672021424484352	779139905817550848
632181682	779139905817550848
4765341169	779139905817550848
3004290761	779139905817550848
857412286243274752	779139905817550848
866354244538040321	779139905817550848
731108861109780480	779139905817550848
814201518517850112	779139905817550848
808067693014294528	779139905817550848
810383428659056640	779139905817550848
860984178875256832	779139905817550848
234868950	779139905817550848
815196079327182850	779139905817550848
828162723087151104	779139905817550848
849304457825456131	779139905817550848
1607568830	779139905817550848
2669879508	779139905817550848
767169025663172608	779139905817550848
812373285073719297	779139905817550848
2382741906	779139905817550848
771063120366272512	779139905817550848
815005782643212288	779139905817550848
2899439986	779139905817550848
816793925189038081	779139905817550848
860206468901081092	779139905817550848
858192414204416000	779139905817550848
2159670206	779139905817550848
860260965178200067	779139905817550848
821496456821362688	779139905817550848
851127458199986176	779139905817550848
4804228946	779139905817550848
855543985795977216	779139905817550848
1955435972	779139905817550848
3283499899	779139905817550848
54339165	779139905817550848
865990600214097921	779139905817550848
1022903678	779139905817550848
2783708051	779139905817550848
859889518098481157	779139905817550848
1047716017	779139905817550848
856450000544333824	779139905817550848
854756005888045057	779139905817550848
811633788	779139905817550848
804174052504043520	779139905817550848
3041911221	779139905817550848
866327262253264897	779139905817550848
789915211784392704	779139905817550848
3305634040	779139905817550848
764595985939042304	779139905817550848
4639922532	779139905817550848
482283472	779139905817550848
840944397445353476	779139905817550848
3134093402	779139905817550848
1549152500	779139905817550848
859495052648882179	779139905817550848
845440736749408256	779139905817550848
1358090316	779139905817550848
1007487240	779139905817550848
822679087156228096	779139905817550848
793215026479980544	779139905817550848
756325387425161216	779139905817550848
536665055	779139905817550848
789509719413104640	779139905817550848
1186894333	779139905817550848
3761065153	779139905817550848
860303762832973825	779139905817550848
118246390	779139905817550848
866008563189153798	779139905817550848
859826196342865920	779139905817550848
857646061074165760	779139905817550848
603039848	779139905817550848
859172810471731201	779139905817550848
4694005789	779139905817550848
1556329988	779139905817550848
4571029216	779139905817550848
2793414801	779139905817550848
779139905817550848	814254816344080384
779139905817550848	814573226487676928
779139905817550848	2230336940
779139905817550848	1442379426
779139905817550848	4310335240
779139905817550848	3994461254
779139905817550848	741527767125241856
779139905817550848	3300931865
779139905817550848	827030477638922240
779139905817550848	843572444707414017
779139905817550848	758311238073978884
779139905817550848	3045415021
779139905817550848	807068357648322561
779139905817550848	742906011980292096
779139905817550848	720415264131715072
779139905817550848	2907191044
779139905817550848	784420864305598464
779139905817550848	3288684701
779139905817550848	855052326847094785
779139905817550848	720807662259191808
779139905817550848	859786776445149188
779139905817550848	2485775559
779139905817550848	4167594737
779139905817550848	2645901226
779139905817550848	814298843080720384
779139905817550848	4617016348
779139905817550848	2820660684
779139905817550848	3782961255
779139905817550848	814527701528748032
779139905817550848	3152684015
779139905817550848	106317424
779139905817550848	799268448580857856
779139905817550848	524743372
779139905817550848	827915337396006912
779139905817550848	1528752792
779139905817550848	865507632
779139905817550848	838270540053950464
779139905817550848	3350030140
779139905817550848	811849738198913024
779139905817550848	786715157997162496
779139905817550848	810569793527042048
779139905817550848	2235780498
779139905817550848	3859887681
779139905817550848	811714621820305408
779139905817550848	786746361966395393
779139905817550848	830845998314483712
779139905817550848	792508945965338627
779139905817550848	3053842309
779139905817550848	773008980025245696
779139905817550848	2636435345
779139905817550848	855764532484079617
779139905817550848	865307716285333506
779139905817550848	813550418018111489
779139905817550848	849276388632821760
779139905817550848	1375703036
779139905817550848	3898215019
779139905817550848	1018954081
779139905817550848	745313714874818560
779139905817550848	195472122
779139905817550848	769754811327623176
779139905817550848	407360357
779139905817550848	850542458974986245
779139905817550848	1176674418
779139905817550848	783039012693012480
779139905817550848	789214644875517952
779139905817550848	4192013278
779139905817550848	735271898418958336
779139905817550848	2978444703
779139905817550848	838907389910867970
779139905817550848	704445284416430080
779139905817550848	3013200166
779139905817550848	1375693964
779139905817550848	3838093899
779139905817550848	249896827
779139905817550848	994123916
779139905817550848	2382988297
779139905817550848	854888610616799233
779139905817550848	801546943658868736
779139905817550848	392990722
779139905817550848	525842245
779139905817550848	764979133566754821
779139905817550848	859588934258614272
779139905817550848	2912092489
779139905817550848	837855799581892608
779139905817550848	836357093338804224
779139905817550848	857615407410286592
779139905817550848	775139870859591680
779139905817550848	792397278447271937
779139905817550848	592236192
779139905817550848	833703666716667904
779139905817550848	840728202918146048
779139905817550848	730895154333130753
779139905817550848	859851233452060673
779139905817550848	751524242496299009
779139905817550848	732726597241995269
779139905817550848	816672384384172032
779139905817550848	3246535817
779139905817550848	850410609841758209
779139905817550848	821434564597977088
779139905817550848	3142487474
779139905817550848	2892677608
779139905817550848	3021586352
779139905817550848	836787613159800833
779139905817550848	126205719
779139905817550848	860918873188691970
779139905817550848	812187990441103360
779139905817550848	794583886131032064
779139905817550848	853812054989443073
779139905817550848	2150006102
779139905817550848	4746210074
779139905817550848	853743582766878723
779139905817550848	860392637446017024
779139905817550848	4247149887
779139905817550848	2391522949
779139905817550848	4748090903
779139905817550848	89723736
779139905817550848	788143946362941440
779139905817550848	548240797
779139905817550848	859906215698214912
779139905817550848	3668325135
779139905817550848	799072075486994433
779139905817550848	866033723120156672
779139905817550848	2888596792
779139905817550848	2598764510
779139905817550848	2299732195
779139905817550848	850770808058392577
779139905817550848	832639037613682689
779139905817550848	3019050449
779139905817550848	774999636457041920
779139905817550848	4860846930
779139905817550848	799780666611236864
779139905817550848	4905143065
779139905817550848	2904155337
779139905817550848	821739739032289280
779139905817550848	818310743015747584
779139905817550848	843837563374899200
779139905817550848	3245354047
779139905817550848	777167456016228352
779139905817550848	804338738843238404
779139905817550848	2856074649
779139905817550848	309987001
779139905817550848	1095783602
779139905817550848	748353418826121216
779139905817550848	796216306575896577
779139905817550848	3921480792
779139905817550848	859181522540269568
779139905817550848	844722836883357696
779139905817550848	846388884372148228
779139905817550848	840560847852322816
779139905817550848	4847183805
779139905817550848	3212133669
779139905817550848	860563129197047808
779139905817550848	789915211784392704
779139905817550848	833432352852496384
779139905817550848	851522633648689153
779139905817550848	832407592345419776
779139905817550848	827108878433271808
779139905817550848	858756970924396546
779139905817550848	861682424455077888
779139905817550848	735339399421001728
779139905817550848	830423642697760768
779139905817550848	863808406439723009
779139905817550848	2899439986
779139905817550848	827277384139239424
779139905817550848	3347053947
779139905817550848	1007487240
779139905817550848	762486118105227265
779139905817550848	874619234
779139905817550848	814249720453492736
779139905817550848	4704954876
779139905817550848	2949888579
779139905817550848	800125549192450049
779139905817550848	1358090316
779139905817550848	2281313556
779139905817550848	4055629641
779139905817550848	799035215918366720
779139905817550848	859079605671559168
779139905817550848	824710472221990912
779139905817550848	777340848094715904
779139905817550848	2183016352
779139905817550848	732745864087756805
779139905817550848	4894739376
779139905817550848	230618950
779139905817550848	1862577846
779139905817550848	724680084058038272
779139905817550848	2171396664
779139905817550848	859889518098481157
779139905817550848	958545674
779139905817550848	756325387425161216
779139905817550848	603039848
779139905817550848	835607615094796288
779139905817550848	859171804249804800
779139905817550848	989653820
779139905817550848	4639922532
779139905817550848	2305115538
779139905817550848	744311641232244737
779139905817550848	3014929163
779139905817550848	1186894333
779139905817550848	261301865
779139905817550848	763187110379712512
