823891320016175104	792471141075918849
858438212628484098	792471141075918849
859939816380792832	792471141075918849
859940490992594944	792471141075918849
832992894315220992	792471141075918849
792763711752638464	792471141075918849
855105749256720385	792471141075918849
855063383896346625	792471141075918849
855108297812197376	792471141075918849
254303067	792471141075918849
848298536399712256	792471141075918849
847729994973368320	792471141075918849
841738506015780864	792471141075918849
845185745216188420	792471141075918849
835520093220130816	792471141075918849
841740895800176640	792471141075918849
841740599413768192	792471141075918849
841740596842790913	792471141075918849
838485159972327425	792471141075918849
825151716290998272	792471141075918849
796177011135782912	792471141075918849
836422361385574401	792471141075918849
805508462956449793	792471141075918849
540934031	792471141075918849
836421131259109378	792471141075918849
836420816338214914	792471141075918849
836422086658781184	792471141075918849
832005243999227905	792471141075918849
783518307387318272	792471141075918849
732518430679556096	792471141075918849
820787663259205633	792471141075918849
4144207853	792471141075918849
825482501892227073	792471141075918849
833033688103391232	792471141075918849
833083821536993280	792471141075918849
813964977166045184	792471141075918849
833083445869936640	792471141075918849
833082670397562881	792471141075918849
830939853101600769	792471141075918849
813125125503647748	792471141075918849
311653807	792471141075918849
830938407245320201	792471141075918849
794633571856068608	792471141075918849
821179646095953925	792471141075918849
56627903	792471141075918849
820788543714918401	792471141075918849
2840474786	792471141075918849
826661418405593088	792471141075918849
825477847846379521	792471141075918849
822486028741177344	792471141075918849
823892125003776000	792471141075918849
823891829502382080	792471141075918849
813062794539110400	792471141075918849
821545534662070273	792471141075918849
822467658020831232	792471141075918849
751218473057947648	792471141075918849
820780603637252096	792471141075918849
820788487469277184	792471141075918849
820785992374292481	792471141075918849
820788355692564480	792471141075918849
812285461477650432	792471141075918849
794633679901376513	792471141075918849
815097682263842816	792471141075918849
1339994341	792471141075918849
814344065798045696	792471141075918849
815095078397952004	792471141075918849
815097169522749440	792471141075918849
815084499558166529	792471141075918849
815097157854359553	792471141075918849
800422613302423552	792471141075918849
812285195135004672	792471141075918849
809787767483990017	792471141075918849
812282273865338881	792471141075918849
812285340685717506	792471141075918849
812286045966303232	792471141075918849
812285732698157057	792471141075918849
812285652192460800	792471141075918849
812277271666921472	792471141075918849
806985274542739457	792471141075918849
808380636738318336	792471141075918849
807978333245939712	792471141075918849
807980829641240576	792471141075918849
807335430114963456	792471141075918849
807981329962987520	792471141075918849
807312104243937281	792471141075918849
807981394819358721	792471141075918849
3245560197	792471141075918849
807785591354040321	792471141075918849
807981404822925313	792471141075918849
805509398390919168	792471141075918849
805509146959298560	792471141075918849
805510124077023236	792471141075918849
805509147332673536	792471141075918849
803373905314508804	792471141075918849
803391495600541696	792471141075918849
803390067519655936	792471141075918849
701944300549103616	792471141075918849
803392169428086784	792471141075918849
271931219	792471141075918849
2983856537	792471141075918849
801157940916973568	792471141075918849
800839852120014848	792471141075918849
801155718053294080	792471141075918849
789942627529392129	792471141075918849
769263136486617090	792471141075918849
801155856658288641	792471141075918849
2932689225	792471141075918849
798264998304813056	792471141075918849
799044261811515396	792471141075918849
799044168249024513	792471141075918849
769540836	792471141075918849
261616684	792471141075918849
798924545000349696	792471141075918849
758446740232105984	792471141075918849
790700059872690177	792471141075918849
795469288933101568	792471141075918849
49094846	792471141075918849
1618395290	792471141075918849
794632844983275520	792471141075918849
794633581394087936	792471141075918849
794633494001553408	792471141075918849
794633133551452160	792471141075918849
794619139998552064	792471141075918849
794614340666200064	792471141075918849
794629873654530049	792471141075918849
792929772942876672	792471141075918849
559734180	792471141075918849
792431968298336257	792471141075918849
792471881236541442	792471141075918849
792470885236142080	792471141075918849
792466622837616640	792471141075918849
792470384121610240	792471141075918849
792470977011519488	792471141075918849
792471141075918849	836051607070650369
792471141075918849	866302248669859841
792471141075918849	866302273034612736
792471141075918849	866302776992817153
792471141075918849	866302528731860992
792471141075918849	866301713803640832
792471141075918849	866302423526146048
792471141075918849	866301956607889408
792471141075918849	866300717434273792
792471141075918849	866301598653456384
792471141075918849	866301984592117760
792471141075918849	866302689881333762
792471141075918849	866302005970644993
792471141075918849	866301761023164416
792471141075918849	866302297936211969
792471141075918849	866302271738585089
792471141075918849	866302152712519680
792471141075918849	866301409121226753
792471141075918849	866302481588006915
792471141075918849	3418141024
792471141075918849	866301419606859777
792471141075918849	866302546826190849
792471141075918849	866302452391432192
792471141075918849	866302405796741120
792471141075918849	864796724765761536
792471141075918849	866301253420232704
792471141075918849	866301350040276994
792471141075918849	866301580949299200
792471141075918849	191174909
792471141075918849	866299797581422592
792471141075918849	866293611377373185
792471141075918849	866301871711031296
792471141075918849	866301152886968320
792471141075918849	866302044365357056
792471141075918849	866302532578136064
792471141075918849	866302025818152963
792471141075918849	866302029945241600
792471141075918849	19023470
792471141075918849	866300797876875265
792471141075918849	859940630818156545
792471141075918849	859934744347389957
792471141075918849	775043328287055873
792471141075918849	859940786930057216
792471141075918849	859940232820555776
792471141075918849	859923801735397408
792471141075918849	859937717785899012
792471141075918849	804147425707442180
792471141075918849	837724497566298113
792471141075918849	859940223240753153
792471141075918849	859929582186770432
792471141075918849	859940807071064064
792471141075918849	859940208384647168
792471141075918849	859940629119463424
792471141075918849	859940745687519232
792471141075918849	853167551836180480
792471141075918849	859916321861107712
792471141075918849	777930994611544064
792471141075918849	859940853493649408
792471141075918849	859940317830709248
792471141075918849	859940555148611585
792471141075918849	859940111663988738
792471141075918849	859933804668039168
792471141075918849	859064009672282113
792471141075918849	859939816380792832
792471141075918849	859231638890307585
792471141075918849	859939822688927744
792471141075918849	859939273134530561
792471141075918849	859940047327559680
792471141075918849	2736765588
792471141075918849	859940490992594944
792471141075918849	859940326773059584
792471141075918849	852391618703376384
792471141075918849	758346056723734528
792471141075918849	859940218333429760
792471141075918849	858797648614047744
792471141075918849	858438212628484098
792471141075918849	859939772315312128
792471141075918849	859940093192228864
792471141075918849	859940362277851136
792471141075918849	855108297812197376
792471141075918849	855110188923101184
792471141075918849	855109859787800577
792471141075918849	855110123064365057
792471141075918849	853983607660171265
792471141075918849	855109958236479488
792471141075918849	855109428055605248
792471141075918849	3000557876
792471141075918849	855020587927953408
792471141075918849	855063383896346625
792471141075918849	855110093708288001
792471141075918849	855110012640931840
792471141075918849	1011106332
792471141075918849	855108802638733312
792471141075918849	855109050157080577
792471141075918849	855106352607363072
792471141075918849	855109969745719297
792471141075918849	854850048898859014
792471141075918849	789323738387021824
792471141075918849	855109806432059392
792471141075918849	2922500566
792471141075918849	855110054231592960
792471141075918849	855109454836224000
792471141075918849	855108912403578881
792471141075918849	855110063241007104
792471141075918849	854067779091279877
792471141075918849	852250357547896833
792471141075918849	845769877596114946
792471141075918849	855105749256720385
792471141075918849	853949152606212097
792471141075918849	855109397088960513
792471141075918849	855109887424053248
792471141075918849	855110009214164994
792471141075918849	855109861436215298
792471141075918849	855109436951625728
792471141075918849	834740590227120128
792471141075918849	855109588084862976
792471141075918849	855109588093480960
792471141075918849	855109182466531328
792471141075918849	832219352795643904
792471141075918849	26921047
792471141075918849	1945130809
792471141075918849	812985081807544320
792471141075918849	848298696135528448
792471141075918849	848301196356071424
792471141075918849	848298536399712256
792471141075918849	798801125008764928
792471141075918849	848274933532819457
792471141075918849	284670022
792471141075918849	847590901321007104
792471141075918849	835820151366909952
792471141075918849	847586150784974848
792471141075918849	848301971840913409
792471141075918849	848295871938736129
792471141075918849	770969088290017281
792471141075918849	3191972242
792471141075918849	848297680556224512
792471141075918849	789965259192885248
792471141075918849	848291467105849344
792471141075918849	848300604921434116
792471141075918849	1039743998
792471141075918849	813652978167148544
792471141075918849	2236630164
792471141075918849	848300534108958721
792471141075918849	799232179058438144
792471141075918849	808131894638477312
792471141075918849	842760875178164225
792471141075918849	848301373766631426
792471141075918849	847908034005409792
792471141075918849	2858419741
792471141075918849	848275913687040003
792471141075918849	848265620173058048
792471141075918849	848296713668395008
792471141075918849	770022458694983680
792471141075918849	841309435171594240
792471141075918849	310414492
792471141075918849	841738506015780864
792471141075918849	2743557074
792471141075918849	841321053410467842
792471141075918849	200155424
792471141075918849	841740223025430528
792471141075918849	841740937420275712
792471141075918849	3021179955
792471141075918849	841721046155837441
792471141075918849	753347341445365761
792471141075918849	792763711752638464
792471141075918849	1290964741
792471141075918849	841740895800176640
792471141075918849	841740596842790913
792471141075918849	841735415753248769
792471141075918849	841739166803234816
792471141075918849	841740656431251456
792471141075918849	838755090055970816
792471141075918849	841715228492627972
792471141075918849	841680882268286979
792471141075918849	841738742293491713
792471141075918849	841739848570552326
792471141075918849	841738401510498305
792471141075918849	841740458602688512
792471141075918849	841740599413768192
792471141075918849	840528901080203264
792471141075918849	841739425906229249
792471141075918849	841739727694925825
792471141075918849	841738429671063553
792471141075918849	841396086979907585
792471141075918849	841739997124390912
792471141075918849	470296090
792471141075918849	841740315493076992
792471141075918849	841732615874977792
792471141075918849	2516212394
792471141075918849	841738553763725312
792471141075918849	831186607562702849
792471141075918849	750434102650765312
792471141075918849	841740315870429184
792471141075918849	1310009815
792471141075918849	2588286300
792471141075918849	838903228670468096
792471141075918849	838629836151087104
792471141075918849	838881114735398912
792471141075918849	838485159972327425
792471141075918849	836978093399162880
