867219464256933893	796399129358430208
867156392242708480	796399129358430208
867142198445428737	796399129358430208
2467160324	796399129358430208
866515744191688704	796399129358430208
866459439074877440	796399129358430208
861021304358543360	796399129358430208
866399837771706369	796399129358430208
863482077815099392	796399129358430208
838401054056275969	796399129358430208
863401552819650562	796399129358430208
827251619863621634	796399129358430208
805081928986689537	796399129358430208
863207692453761024	796399129358430208
776713945	796399129358430208
814556995210637312	796399129358430208
3298350532	796399129358430208
823666850655506434	796399129358430208
864989864722259969	796399129358430208
865658707601838080	796399129358430208
2491366157	796399129358430208
793446407462060032	796399129358430208
865369021193089024	796399129358430208
3751733893	796399129358430208
859087213136445441	796399129358430208
859488796093624320	796399129358430208
3243494823	796399129358430208
567660148	796399129358430208
865345643325399040	796399129358430208
3233471745	796399129358430208
863928326355922944	796399129358430208
863234279647719424	796399129358430208
864463790573801472	796399129358430208
858736210558234627	796399129358430208
804803114368987136	796399129358430208
855539909251280898	796399129358430208
863191932947890176	796399129358430208
2919152399	796399129358430208
811664642594500608	796399129358430208
618056281	796399129358430208
863757237159948293	796399129358430208
513994013	796399129358430208
863110513559056385	796399129358430208
802186559940362241	796399129358430208
862913199942897664	796399129358430208
862830178208231424	796399129358430208
862777820728229889	796399129358430208
862700927056269313	796399129358430208
862477062694633472	796399129358430208
746412205747273728	796399129358430208
862156612051640321	796399129358430208
861997348431564800	796399129358430208
862099965828624384	796399129358430208
861729692470128640	796399129358430208
857374430724587520	796399129358430208
861032079168897025	796399129358430208
861034386095034370	796399129358430208
861686279624380416	796399129358430208
860985581144334339	796399129358430208
861032498393997312	796399129358430208
859190897921073152	796399129358430208
825841622583799809	796399129358430208
861021135290368001	796399129358430208
861006345977319425	796399129358430208
861013430110744577	796399129358430208
860661317253910528	796399129358430208
860531352982233088	796399129358430208
860293137935335425	796399129358430208
860201701692903424	796399129358430208
859813398669864960	796399129358430208
857366911255851008	796399129358430208
859560466133037056	796399129358430208
859118561255731200	796399129358430208
2986815939	796399129358430208
858446192354709504	796399129358430208
858331801655312384	796399129358430208
856732961802248192	796399129358430208
856908738917281795	796399129358430208
750344998252449792	796399129358430208
857363980108537856	796399129358430208
857029397156638720	796399129358430208
857008721469341696	796399129358430208
857006360294293504	796399129358430208
856582353589874690	796399129358430208
856127534525698048	796399129358430208
846363087053709314	796399129358430208
855556007757582338	796399129358430208
854467922181459968	796399129358430208
854461135684292610	796399129358430208
4916429422	796399129358430208
854367879009099776	796399129358430208
840563845554921472	796399129358430208
854022074708439040	796399129358430208
854008989415342081	796399129358430208
853734475053879297	796399129358430208
852642534648156161	796399129358430208
852502571122122753	796399129358430208
852236514163666944	796399129358430208
852196316960706560	796399129358430208
851965781831274496	796399129358430208
830162919937699840	796399129358430208
850254774934974466	796399129358430208
726568976537534468	796399129358430208
851805459602452481	796399129358430208
1648236517	796399129358430208
851534302089236481	796399129358430208
851424756448591873	796399129358430208
851259536463679496	796399129358430208
731313339658317824	796399129358430208
783669294001422336	796399129358430208
851146840145788929	796399129358430208
851115421923028992	796399129358430208
2562783766	796399129358430208
850767282435485696	796399129358430208
817431299271102466	796399129358430208
2486305512	796399129358430208
850450039797317633	796399129358430208
850195308445220864	796399129358430208
850107270985912324	796399129358430208
849927786986971136	796399129358430208
849892414361915392	796399129358430208
771214103595462657	796399129358430208
841824103761821696	796399129358430208
849428603754487808	796399129358430208
849086250871115777	796399129358430208
848961855875895296	796399129358430208
848731003241861120	796399129358430208
768773478921019393	796399129358430208
848564714548453376	796399129358430208
848517220548345856	796399129358430208
848363674255454208	796399129358430208
848371131623112704	796399129358430208
463482899	796399129358430208
841822434382757889	796399129358430208
847969401643118596	796399129358430208
847789538600734720	796399129358430208
703250680224452608	796399129358430208
847284341990244353	796399129358430208
847193996887838720	796399129358430208
844728523474571265	796399129358430208
496467847	796399129358430208
846770172362936321	796399129358430208
846679369565306880	796399129358430208
846596208445435904	796399129358430208
846198577915445252	796399129358430208
845920379537408000	796399129358430208
2618892091	796399129358430208
845731809669382144	796399129358430208
806317677853687809	796399129358430208
842902839240380416	796399129358430208
841806211183980545	796399129358430208
845469135823929344	796399129358430208
844726288103456768	796399129358430208
844257885681074180	796399129358430208
836191794190770177	796399129358430208
844722571086106626	796399129358430208
844722925219561472	796399129358430208
841810747596365824	796399129358430208
844721141419851777	796399129358430208
844373645107613696	796399129358430208
839142420960927744	796399129358430208
837471153132294144	796399129358430208
841829901879660545	796399129358430208
844297237052231685	796399129358430208
834016786173554691	796399129358430208
4872757083	796399129358430208
822985075474268162	796399129358430208
843992584066404352	796399129358430208
835576417706471424	796399129358430208
841828987538046976	796399129358430208
836280555880779779	796399129358430208
843627100418555904	796399129358430208
828671422771892225	796399129358430208
841823412112769032	796399129358430208
3048248217	796399129358430208
706170036172361728	796399129358430208
1273109755	796399129358430208
842904746155524096	796399129358430208
842885702115196931	796399129358430208
1475071338	796399129358430208
842886233743220737	796399129358430208
842888206802546691	796399129358430208
842899976669736960	796399129358430208
842905486576009217	796399129358430208
842904292587532288	796399129358430208
842813168581836802	796399129358430208
842903106329501696	796399129358430208
842900806269636609	796399129358430208
842411882497617922	796399129358430208
842886846837280768	796399129358430208
842871834890584064	796399129358430208
841817349825155072	796399129358430208
820755929025171456	796399129358430208
842142095271968768	796399129358430208
842406507870318592	796399129358430208
842412989173112832	796399129358430208
842069089870852096	796399129358430208
842395039032582144	796399129358430208
141735007	796399129358430208
841824920430628864	796399129358430208
