372993068	799592486545068033
140578166	799592486545068033
2691518684	799592486545068033
856295710815379457	799592486545068033
856284753875664896	799592486545068033
856665817840222208	799592486545068033
855554589738893313	799592486545068033
858824973523312642	799592486545068033
1864890583	799592486545068033
812812576778289152	799592486545068033
855882896778907651	799592486545068033
858103425262903297	799592486545068033
856587988565995521	799592486545068033
858462207797014529	799592486545068033
806179341671481344	799592486545068033
847600146112061440	799592486545068033
301498259	799592486545068033
848374198800191490	799592486545068033
774803371060555776	799592486545068033
14763734	799592486545068033
3337916583	799592486545068033
3352640081	799592486545068033
546013434	799592486545068033
866669024788262913	799592486545068033
172886939	799592486545068033
323349719	799592486545068033
3873545489	799592486545068033
76506507	799592486545068033
33726268	799592486545068033
376501857	799592486545068033
2252069544	799592486545068033
1489444692	799592486545068033
807036854784720897	799592486545068033
836816884804767744	799592486545068033
1967037980	799592486545068033
1569024048	799592486545068033
1562694919	799592486545068033
865646926657536000	799592486545068033
825913738117181440	799592486545068033
2994520888	799592486545068033
68104997	799592486545068033
2185515564	799592486545068033
864957879807340544	799592486545068033
864959114631426048	799592486545068033
824702527539187713	799592486545068033
261639338	799592486545068033
444689945	799592486545068033
2726476488	799592486545068033
1852688832	799592486545068033
2148802619	799592486545068033
539015670	799592486545068033
724012180383895552	799592486545068033
792390343241138176	799592486545068033
1915423554	799592486545068033
809011174205521920	799592486545068033
1576402375	799592486545068033
846110978530066432	799592486545068033
1478790643	799592486545068033
1584822954	799592486545068033
2441533937	799592486545068033
2922662264	799592486545068033
1608220916	799592486545068033
764574128854753281	799592486545068033
2951049944	799592486545068033
2548295886	799592486545068033
2337964967	799592486545068033
4827703641	799592486545068033
809732329627381760	799592486545068033
732991543326347264	799592486545068033
864166710663839748	799592486545068033
138303846	799592486545068033
864047183129190400	799592486545068033
768463895929511936	799592486545068033
2769266558	799592486545068033
2869179235	799592486545068033
790308979213758464	799592486545068033
833604913032724481	799592486545068033
745494367528333312	799592486545068033
862145722875076609	799592486545068033
598810248	799592486545068033
473902466	799592486545068033
2411244388	799592486545068033
1327813328	799592486545068033
2533604551	799592486545068033
780500796	799592486545068033
187825116	799592486545068033
2504300292	799592486545068033
730233659203174401	799592486545068033
550385573	799592486545068033
2897696713	799592486545068033
2175524405	799592486545068033
3116921948	799592486545068033
40128142	799592486545068033
1575812034	799592486545068033
779082145373556736	799592486545068033
857057136861478912	799592486545068033
77624811	799592486545068033
479570199	799592486545068033
3974001759	799592486545068033
1340204916	799592486545068033
863040503746637826	799592486545068033
398405426	799592486545068033
842946572660998146	799592486545068033
798965327006728196	799592486545068033
806559859554582529	799592486545068033
14601336	799592486545068033
798194695008612352	799592486545068033
783780211640918016	799592486545068033
794551848292286464	799592486545068033
850322978764083200	799592486545068033
855998756663283712	799592486545068033
178918559	799592486545068033
706856647038111744	799592486545068033
805634380601245698	799592486545068033
828374696689152000	799592486545068033
2293117244	799592486545068033
963723318	799592486545068033
2797072021	799592486545068033
1035684055	799592486545068033
794506858060886016	799592486545068033
1339130354	799592486545068033
853600345179684865	799592486545068033
822824943532539906	799592486545068033
821503684253253636	799592486545068033
797844827362627584	799592486545068033
750279219746312194	799592486545068033
827152816598810628	799592486545068033
2382223609	799592486545068033
2943877320	799592486545068033
3704700017	799592486545068033
851950497229676550	799592486545068033
856361809271558144	799592486545068033
861918787280523264	799592486545068033
502917354	799592486545068033
786777452991352832	799592486545068033
803456728268410880	799592486545068033
815075120708513792	799592486545068033
808067988998029312	799592486545068033
2830516267	799592486545068033
3387438135	799592486545068033
860577517345927168	799592486545068033
4735770389	799592486545068033
738983496316792832	799592486545068033
2954059520	799592486545068033
458438757	799592486545068033
3100075505	799592486545068033
44665441	799592486545068033
722779675928444928	799592486545068033
1317821952	799592486545068033
1575783056	799592486545068033
705489205904990210	799592486545068033
759942979121451008	799592486545068033
2802842096	799592486545068033
950051742	799592486545068033
810000866216411136	799592486545068033
202443677	799592486545068033
859107206750498816	799592486545068033
1617175514	799592486545068033
818182226483384321	799592486545068033
823845555721814016	799592486545068033
846288022626680833	799592486545068033
753362093462528000	799592486545068033
2271890102	799592486545068033
859522517077295105	799592486545068033
808449917907849216	799592486545068033
3383643411	799592486545068033
749470479145132032	799592486545068033
777234567468048384	799592486545068033
146595646	799592486545068033
719222652167188484	799592486545068033
860123905121435648	799592486545068033
3303690686	799592486545068033
859954444791951360	799592486545068033
4261180942	799592486545068033
4923891766	799592486545068033
129079074	799592486545068033
1449197750	799592486545068033
850350782272745473	799592486545068033
2151783294	799592486545068033
3145774173	799592486545068033
846066400724602880	799592486545068033
857794639063134208	799592486545068033
4896023595	799592486545068033
857753933967654914	799592486545068033
3489957562	799592486545068033
2776179746	799592486545068033
781661132826238976	799592486545068033
360641521	799592486545068033
772517088199970816	799592486545068033
214710742	799592486545068033
3131743238	799592486545068033
1361133636	799592486545068033
825118035463725057	799592486545068033
769714460550426624	799592486545068033
4222310114	799592486545068033
4222526594	799592486545068033
4285046958	799592486545068033
3278260933	799592486545068033
4124678354	799592486545068033
168721630	799592486545068033
799592486545068033	3177008136
799592486545068033	4897666044
799592486545068033	3195936144
799592486545068033	767893672805462016
799592486545068033	828695345555243009
799592486545068033	823915059638214657
799592486545068033	816073221955026948
799592486545068033	847600146112061440
799592486545068033	858462207797014529
799592486545068033	301498259
799592486545068033	813422505213956097
799592486545068033	2344320223
799592486545068033	2758801429
799592486545068033	856295710815379457
799592486545068033	856284753875664896
799592486545068033	2952112015
799592486545068033	796410196742590464
799592486545068033	855554589738893313
799592486545068033	856665817840222208
799592486545068033	858824973523312642
799592486545068033	855882896778907651
799592486545068033	858103425262903297
799592486545068033	856587988565995521
799592486545068033	716682117653073920
799592486545068033	468832877
799592486545068033	3223018911
799592486545068033	812812576778289152
799592486545068033	225141154
799592486545068033	539366189
799592486545068033	2946304247
799592486545068033	259419387
799592486545068033	4865705939
799592486545068033	2670932138
799592486545068033	422295230
799592486545068033	384043999
799592486545068033	1512141949
799592486545068033	2252439483
799592486545068033	817195338784075776
799592486545068033	2831979704
799592486545068033	837732439799840769
799592486545068033	4283148975
799592486545068033	524510583
799592486545068033	700075203402067969
799592486545068033	2957948579
799592486545068033	319078964
799592486545068033	280664473
799592486545068033	2960515769
799592486545068033	2731664824
799592486545068033	2968615469
799592486545068033	2907968745
799592486545068033	1539807698
799592486545068033	2355470797
799592486545068033	815243004642467844
799592486545068033	792577781137760256
799592486545068033	829241870
799592486545068033	747657265193312257
799592486545068033	795942306285109248
799592486545068033	1623987372
799592486545068033	402264249
799592486545068033	2840909752
799592486545068033	716745028400447488
799592486545068033	876948470
799592486545068033	2658466429
799592486545068033	72269392
799592486545068033	1114378212
799592486545068033	431241683
799592486545068033	2902830081
799592486545068033	365005024
799592486545068033	278182666
799592486545068033	3093683163
799592486545068033	448957353
799592486545068033	703102952643297280
799592486545068033	854760114271682570
799592486545068033	491578340
799592486545068033	3014071135
799592486545068033	800927584502607872
799592486545068033	836652078013480961
799592486545068033	836644154834837505
799592486545068033	836661448088526848
799592486545068033	2445312909
799592486545068033	2813581141
799592486545068033	794953628201193472
799592486545068033	2983480517
799592486545068033	836023729905860608
799592486545068033	820448553088798720
799592486545068033	804880878
799592486545068033	131282758
799592486545068033	828752643539476480
799592486545068033	766011160680423424
799592486545068033	767729887616598016
799592486545068033	812813219970555904
799592486545068033	4020510736
799592486545068033	2316056725
799592486545068033	190519989
799592486545068033	1686656095
799592486545068033	2252419074
799592486545068033	2439145689
799592486545068033	4866083122
799592486545068033	2994520888
799592486545068033	3957337078
799592486545068033	855273104
799592486545068033	736334462829629440
799592486545068033	734566069822705665
799592486545068033	4475431823
799592486545068033	448526936
799592486545068033	708504691206971393
799592486545068033	4518820541
799592486545068033	141712270
799592486545068033	4871132770
799592486545068033	615316011
799592486545068033	1393762561
799592486545068033	398266515
799592486545068033	2424413121
799592486545068033	2513976757
799592486545068033	2197067336
799592486545068033	3318359548
799592486545068033	444689945
799592486545068033	2726476488
799592486545068033	1643510600
799592486545068033	1729754916
799592486545068033	4516836922
799592486545068033	288999582
799592486545068033	792390343241138176
799592486545068033	2256640681
799592486545068033	63755755
799592486545068033	798307886363504648
799592486545068033	824702527539187713
799592486545068033	1052726407
799592486545068033	3285641923
799592486545068033	1852688832
799592486545068033	1007214380
799592486545068033	620598755
799592486545068033	726300118102740993
799592486545068033	724012180383895552
799592486545068033	2723771381
799592486545068033	836927857108496384
799592486545068033	1915423554
799592486545068033	2185515564
799592486545068033	729297444622770176
799592486545068033	197517721
799592486545068033	148862570
799592486545068033	396945853
799592486545068033	298638577
799592486545068033	1589450359
799592486545068033	387815553
799592486545068033	813752464377843712
799592486545068033	2230877180
799592486545068033	1587830665
799592486545068033	1263275785
799592486545068033	846356049980461056
799592486545068033	738119455029506048
799592486545068033	812367735657263105
799592486545068033	702252585948938240
799592486545068033	624266711
799592486545068033	2326209277
799592486545068033	624288351
799592486545068033	551434072
799592486545068033	807036854784720897
799592486545068033	1364117695
799592486545068033	720012269241937920
799592486545068033	809732329627381760
799592486545068033	727592066436452352
799592486545068033	789240766946283520
799592486545068033	770361664571146242
799592486545068033	747413633026625537
799592486545068033	150470216
799592486545068033	774527276528664576
799592486545068033	3266114557
799592486545068033	1413783428
799592486545068033	4632640816
799592486545068033	847319780
799592486545068033	745494367528333312
799592486545068033	4623265228
799592486545068033	2533604551
799592486545068033	779082145373556736
799592486545068033	806559859554582529
799592486545068033	815075120708513792
799592486545068033	803456728268410880
799592486545068033	783780211640918016
799592486545068033	786777452991352832
799592486545068033	178918559
799592486545068033	963723318
799592486545068033	750279219746312194
799592486545068033	797844827362627584
799592486545068033	3704700017
799592486545068033	805634380601245698
799592486545068033	2972321662
799592486545068033	3100075505
799592486545068033	798194695008612352
799592486545068033	808067988998029312
799592486545068033	2943877320
799592486545068033	813558672123199489
799592486545068033	809880709133430785
799592486545068033	743724367125712896
799592486545068033	183751634
799592486545068033	48336713
799592486545068033	202443677
799592486545068033	2802842096
799592486545068033	1161310098
799592486545068033	1575783056
