859190634867044352	799713377002156032
2889096884	799713377002156032
804297592393912320	799713377002156032
867053447148974081	799713377002156032
3234220976	799713377002156032
727203007419584515	799713377002156032
239186984	799713377002156032
846837160707850241	799713377002156032
866163374345924608	799713377002156032
731721439276060673	799713377002156032
80867654	799713377002156032
816409906009907200	799713377002156032
861633633509023744	799713377002156032
831362575992496128	799713377002156032
363216459	799713377002156032
3070207793	799713377002156032
864869766695202817	799713377002156032
860951173729312770	799713377002156032
738465121656135680	799713377002156032
863635373414633474	799713377002156032
863635373414633474	799713377002156032
160650487	799713377002156032
828360481186406400	799713377002156032
817979551435268096	799713377002156032
752588646151139328	799713377002156032
779514490425487360	799713377002156032
795103794505859072	799713377002156032
815602601911865346	799713377002156032
808023393438224384	799713377002156032
752559770637246464	799713377002156032
2567566488	799713377002156032
4575497236	799713377002156032
861070915848810496	799713377002156032
3036159180	799713377002156032
768187441782095872	799713377002156032
860950564909326336	799713377002156032
3240969383	799713377002156032
4636919715	799713377002156032
3145305068	799713377002156032
813924654062649344	799713377002156032
804379494437916672	799713377002156032
735296425257533442	799713377002156032
856658040958922752	799713377002156032
858853981136850945	799713377002156032
2620971789	799713377002156032
811315632797077504	799713377002156032
760757417558708225	799713377002156032
850626345168195584	799713377002156032
249750674	799713377002156032
706159007237586944	799713377002156032
730882236082356224	799713377002156032
1581722576	799713377002156032
830905006568116230	799713377002156032
836313543591018497	799713377002156032
786364943276838912	799713377002156032
859962459351769089	799713377002156032
827269173260660742	799713377002156032
4410515674	799713377002156032
859861754024792065	799713377002156032
816090184135639040	799713377002156032
840292293206781953	799713377002156032
2805929705	799713377002156032
393404039	799713377002156032
44011261	799713377002156032
803707349252866048	799713377002156032
2154182889	799713377002156032
820275600417910784	799713377002156032
801529694617305088	799713377002156032
820928836229623809	799713377002156032
819675116984561664	799713377002156032
2619648637	799713377002156032
2619650299	799713377002156032
731599557637902341	799713377002156032
960728616	799713377002156032
859482074184654848	799713377002156032
758426896996663297	799713377002156032
2896582967	799713377002156032
813913032812171264	799713377002156032
775778747425357825	799713377002156032
783807233243176960	799713377002156032
819633076817002496	799713377002156032
779298067069665280	799713377002156032
739628457886289920	799713377002156032
847067071699570688	799713377002156032
1219481226	799713377002156032
782348012605571076	799713377002156032
1857030162	799713377002156032
254886935	799713377002156032
787851296	799713377002156032
757049789817106432	799713377002156032
825578433174454272	799713377002156032
1312918428	799713377002156032
289545711	799713377002156032
3217953894	799713377002156032
779084740548845568	799713377002156032
857943844473765888	799713377002156032
799979931438555136	799713377002156032
832351536839872513	799713377002156032
799688100771336192	799713377002156032
747625529189097472	799713377002156032
786621010418163713	799713377002156032
804475696752001025	799713377002156032
4735234453	799713377002156032
702296594067169280	799713377002156032
753591017899712512	799713377002156032
831743892953432065	799713377002156032
4160082855	799713377002156032
742720640558497792	799713377002156032
4415847800	799713377002156032
3409531115	799713377002156032
855846405763735552	799713377002156032
2831722600	799713377002156032
2710588033	799713377002156032
848515950110527488	799713377002156032
781490634209107968	799713377002156032
753827594915590144	799713377002156032
820835006964563968	799713377002156032
837502856936706048	799713377002156032
760678378034769920	799713377002156032
828663162916499456	799713377002156032
853688943300272128	799713377002156032
844589307474165761	799713377002156032
852559845823852545	799713377002156032
789163228332908544	799713377002156032
852297804122918918	799713377002156032
848668475627376641	799713377002156032
2974120571	799713377002156032
824728947011321859	799713377002156032
761342109169381377	799713377002156032
834809632812052480	799713377002156032
3078848036	799713377002156032
844309734471684098	799713377002156032
1895067152	799713377002156032
827375937347940352	799713377002156032
789289278958399494	799713377002156032
751580274518003712	799713377002156032
845852311293513728	799713377002156032
742184205363351552	799713377002156032
826861392485634056	799713377002156032
2644514897	799713377002156032
829486548500484096	799713377002156032
805106859095027712	799713377002156032
720807662259191808	799713377002156032
814308127097180161	799713377002156032
3712354877	799713377002156032
2377698791	799713377002156032
823566405085892608	799713377002156032
2982252760	799713377002156032
804593841768689665	799713377002156032
806109516928581632	799713377002156032
825059481767780352	799713377002156032
798221734159581184	799713377002156032
802224809803452416	799713377002156032
817810942746656768	799713377002156032
2750883407	799713377002156032
822922003862749184	799713377002156032
828953023430815744	799713377002156032
2586543578	799713377002156032
812709953483878401	799713377002156032
804034259996573696	799713377002156032
781894275734921217	799713377002156032
817628730860433408	799713377002156032
805443567309258752	799713377002156032
842887760675393536	799713377002156032
831944416801783810	799713377002156032
767484330209927172	799713377002156032
2308908079	799713377002156032
843047919985090560	799713377002156032
599636932	799713377002156032
824805360875737088	799713377002156032
767164380677017601	799713377002156032
814374553166213120	799713377002156032
839511495687942144	799713377002156032
110476163	799713377002156032
819224999374553088	799713377002156032
839851567721426944	799713377002156032
834365666295762945	799713377002156032
829158593618251776	799713377002156032
829575487638880256	799713377002156032
1883909496	799713377002156032
841131347745878016	799713377002156032
840754992994779136	799713377002156032
814992756888244224	799713377002156032
739231010894819328	799713377002156032
2993164523	799713377002156032
821889870	799713377002156032
432812358	799713377002156032
1855732825	799713377002156032
282705279	799713377002156032
3368726686	799713377002156032
827611353057808384	799713377002156032
838112766414229508	799713377002156032
716406660135305217	799713377002156032
827726280044978177	799713377002156032
488627477	799713377002156032
800185693313998849	799713377002156032
274757956	799713377002156032
830239479554256898	799713377002156032
751466340540637184	799713377002156032
782795412247834626	799713377002156032
815046161576902656	799713377002156032
797809030584565761	799713377002156032
2708122665	799713377002156032
3131710173	799713377002156032
40615753	799713377002156032
832661190408933376	799713377002156032
818350472163721218	799713377002156032
766008744631296000	799713377002156032
2192963647	799713377002156032
826476532419932161	799713377002156032
829084237705965568	799713377002156032
810333311792975872	799713377002156032
836670459085275137	799713377002156032
815683922990342148	799713377002156032
4870853459	799713377002156032
810351697914712065	799713377002156032
4657334427	799713377002156032
814193811920396288	799713377002156032
816672384384172032	799713377002156032
740728622483447808	799713377002156032
2237324919	799713377002156032
816047964594569221	799713377002156032
817520774567235584	799713377002156032
141388924	799713377002156032
2347707943	799713377002156032
747647468406509568	799713377002156032
835186814994395138	799713377002156032
2807903941	799713377002156032
833403023569334272	799713377002156032
2287696584	799713377002156032
716388280850223104	799713377002156032
818846628006215683	799713377002156032
755821636373385217	799713377002156032
787285807002480640	799713377002156032
834485435963408384	799713377002156032
777530872761356289	799713377002156032
826760210257678337	799713377002156032
2519023730	799713377002156032
828282180833046530	799713377002156032
2959551611	799713377002156032
1852346899	799713377002156032
464165475	799713377002156032
775305495922049024	799713377002156032
1892170706	799713377002156032
166865185	799713377002156032
763421092782321666	799713377002156032
825383905071099905	799713377002156032
804123536583458816	799713377002156032
2276712041	799713377002156032
3406555798	799713377002156032
832340362832261121	799713377002156032
805125959510851585	799713377002156032
832297343324155905	799713377002156032
832252684623241216	799713377002156032
2963025076	799713377002156032
821775950551674883	799713377002156032
769628978562859012	799713377002156032
831287130513141762	799713377002156032
3931238475	799713377002156032
831211803430486019	799713377002156032
831211803430486019	799713377002156032
831227329070370816	799713377002156032
828678766813655040	799713377002156032
805306678816206848	799713377002156032
731138821404958720	799713377002156032
4559678657	799713377002156032
1497027697	799713377002156032
820991256373370880	799713377002156032
798920808399826944	799713377002156032
818107153512824833	799713377002156032
757042211196379136	799713377002156032
757669390506532864	799713377002156032
792731773235032065	799713377002156032
1916199980	799713377002156032
746429079193272320	799713377002156032
247347231	799713377002156032
4313533036	799713377002156032
409543254	799713377002156032
131040596	799713377002156032
785859415605993472	799713377002156032
721022788493000705	799713377002156032
724277219187675138	799713377002156032
797924094473814016	799713377002156032
3345800079	799713377002156032
752333040563675136	799713377002156032
809334715945811968	799713377002156032
3315781515	799713377002156032
4646652681	799713377002156032
810311960512303106	799713377002156032
821050294599647237	799713377002156032
804955444447846400	799713377002156032
827255199483908098	799713377002156032
2474968237	799713377002156032
809605465776803841	799713377002156032
1547172444	799713377002156032
2485775559	799713377002156032
788221665977270272	799713377002156032
2811152975	799713377002156032
781657757460094980	799713377002156032
815707159371673600	799713377002156032
110077140	799713377002156032
814288753846087680	799713377002156032
814577998477348864	799713377002156032
809164779466194944	799713377002156032
813656431706652672	799713377002156032
2605176207	799713377002156032
815340072035844098	799713377002156032
792051894369808384	799713377002156032
768894240642375681	799713377002156032
821437415294439424	799713377002156032
820101469827383297	799713377002156032
3273399337	799713377002156032
820141750215970816	799713377002156032
725012428992471042	799713377002156032
806852483360444416	799713377002156032
797943815453704193	799713377002156032
4106732357	799713377002156032
2920131028	799713377002156032
2922127438	799713377002156032
138238131	799713377002156032
719185893110738944	799713377002156032
770627145039249408	799713377002156032
802538265865814021	799713377002156032
1708536697	799713377002156032
4673894695	799713377002156032
800470911828692992	799713377002156032
2424331801	799713377002156032
1416670694	799713377002156032
2844415343	799713377002156032
2200845981	799713377002156032
737786436544516096	799713377002156032
807347756780097542	799713377002156032
812464849011769344	799713377002156032
810675791327596544	799713377002156032
794236854912614400	799713377002156032
2889481077	799713377002156032
3129915257	799713377002156032
715650963806224384	799713377002156032
3938274382	799713377002156032
797116219086270465	799713377002156032
817800864152911879	799713377002156032
828265258632495104	799713377002156032
821495805391630336	799713377002156032
805087153504088065	799713377002156032
827623315498008579	799713377002156032
785893042268016641	799713377002156032
3373429011	799713377002156032
4836091719	799713377002156032
4765527030	799713377002156032
804353362988830725	799713377002156032
802450499157000192	799713377002156032
789199627413131265	799713377002156032
802740360896270336	799713377002156032
2595697760	799713377002156032
82673522	799713377002156032
828183642790821888	799713377002156032
815328094638735360	799713377002156032
825117037756297216	799713377002156032
764309359438524417	799713377002156032
783796224847704065	799713377002156032
1321757263	799713377002156032
788101438429863936	799713377002156032
825931384778694656	799713377002156032
826570417083121664	799713377002156032
803387665664110592	799713377002156032
816981127730601985	799713377002156032
825117035713687553	799713377002156032
799085139116654596	799713377002156032
4880154088	799713377002156032
823482343788871680	799713377002156032
775056401701933056	799713377002156032
3854991448	799713377002156032
2779080727	799713377002156032
822967839707504640	799713377002156032
774311614938025984	799713377002156032
822581716103680000	799713377002156032
791801282344394752	799713377002156032
817118304800243712	799713377002156032
793926919217672192	799713377002156032
742386495747698688	799713377002156032
3333670667	799713377002156032
803646253099839489	799713377002156032
799411923137810433	799713377002156032
804766763913252864	799713377002156032
809148804092006401	799713377002156032
813468734828539904	799713377002156032
755539672261091328	799713377002156032
3714179845	799713377002156032
3185777156	799713377002156032
840867402	799713377002156032
37971624	799713377002156032
757257017476128768	799713377002156032
3815135788	799713377002156032
387450734	799713377002156032
808442311764045825	799713377002156032
804837958243221504	799713377002156032
3379506191	799713377002156032
2241074971	799713377002156032
801231076014358528	799713377002156032
792466955043217409	799713377002156032
800912598300590080	799713377002156032
751267242617151489	799713377002156032
805773977276784640	799713377002156032
434887003	799713377002156032
801161647029096448	799713377002156032
800177906924163073	799713377002156032
3312003871	799713377002156032
807070229255847936	799713377002156032
785139820347678724	799713377002156032
752677137832869888	799713377002156032
442730373	799713377002156032
2940467877	799713377002156032
1630828267	799713377002156032
4476899112	799713377002156032
371557540	799713377002156032
804441665587073024	799713377002156032
4870894575	799713377002156032
799759619816099840	799713377002156032
4901575181	799713377002156032
804946357161033728	799713377002156032
3014929163	799713377002156032
4704713197	799713377002156032
711758643830648832	799713377002156032
788073142115860480	799713377002156032
800873948363816961	799713377002156032
792748687021707264	799713377002156032
751519621056831488	799713377002156032
100800904	799713377002156032
799713377002156032	727203007419584515
799713377002156032	3129056526
799713377002156032	731721439276060673
799713377002156032	237395791
799713377002156032	1733418924
799713377002156032	363216459
799713377002156032	828360481186406400
799713377002156032	817810942746656768
799713377002156032	4415847800
799713377002156032	1909409461
799713377002156032	752588646151139328
799713377002156032	160650487
799713377002156032	2805929705
799713377002156032	3516133157
799713377002156032	597836691
799713377002156032	2981821473
799713377002156032	797809030584565761
799713377002156032	2230277538
799713377002156032	2431070312
799713377002156032	2354028950
799713377002156032	804065349704486912
799713377002156032	801529694617305088
799713377002156032	783807233243176960
799713377002156032	787537409785430017
799713377002156032	975000510
799713377002156032	221390506
799713377002156032	273140676
799713377002156032	777664006840578048
799713377002156032	2904308529
799713377002156032	777349034692505600
799713377002156032	3405655409
799713377002156032	2900357794
799713377002156032	748575095325503488
799713377002156032	756649181868154880
799713377002156032	728725057523036163
799713377002156032	701344247832653824
799713377002156032	754781077798002689
799713377002156032	3217953894
799713377002156032	770868746395222016
799713377002156032	752559770637246464
799713377002156032	1025315695
799713377002156032	4613628452
799713377002156032	756838826321018884
799713377002156032	739628457886289920
799713377002156032	763944982193459200
799713377002156032	393404039
799713377002156032	4636919715
799713377002156032	289545711
799713377002156032	2982033881
799713377002156032	734981120345800704
799713377002156032	1581722576
799713377002156032	781627329084854272
799713377002156032	3032030740
799713377002156032	1272615740
799713377002156032	960728616
799713377002156032	1729592671
799713377002156032	3240969383
799713377002156032	751291171
799713377002156032	1857030162
799713377002156032	1312918428
799713377002156032	2896582967
799713377002156032	775778747425357825
799713377002156032	1244952290
799713377002156032	779084740548845568
799713377002156032	779139905817550848
799713377002156032	706928777700483072
799713377002156032	4649840961
799713377002156032	4174765943
799713377002156032	2235780498
799713377002156032	741813562306355200
799713377002156032	779298067069665280
799713377002156032	727670475711729664
799713377002156032	1529735443
799713377002156032	700720568128114688
799713377002156032	4928220340
799713377002156032	782348012605571076
799713377002156032	706159007237586944
799713377002156032	737460666559238144
799713377002156032	907121269
799713377002156032	443043977
799713377002156032	254886935
799713377002156032	807293524345356288
799713377002156032	44011261
799713377002156032	4071650958
799713377002156032	859507363212087298
799713377002156032	787851296
799713377002156032	2825287675
799713377002156032	3378116609
799713377002156032	3449366734
799713377002156032	752211600291999744
799713377002156032	811930132600524800
799713377002156032	786734189836132352
799713377002156032	789989243389145088
799713377002156032	824664655104774145
799713377002156032	803701147009683462
799713377002156032	825578433174454272
799713377002156032	447498797
799713377002156032	2362365631
799713377002156032	2953478463
799713377002156032	3222697104
799713377002156032	3399088851
799713377002156032	4152276256
799713377002156032	772849034868383745
799713377002156032	779843483246927872
799713377002156032	802218026565300225
799713377002156032	2732501475
799713377002156032	2806476346
799713377002156032	3082931771
799713377002156032	3316062693
799713377002156032	735339399421001728
799713377002156032	774070966930575360
799713377002156032	817595124855271424
799713377002156032	813913032812171264
799713377002156032	790993644945801216
799713377002156032	831291803185840129
799713377002156032	4160768691
799713377002156032	731342070837841922
799713377002156032	731599557637902341
799713377002156032	758426896996663297
799713377002156032	797937708224155648
799713377002156032	805077548166246400
799713377002156032	819675116984561664
799713377002156032	816062660559208448
799713377002156032	827269173260660742
799713377002156032	833895702040281089
799713377002156032	2598319584
799713377002156032	708556536
799713377002156032	2619650299
799713377002156032	3364469471
799713377002156032	711255756457246721
799713377002156032	757049789817106432
799713377002156032	768187441782095872
799713377002156032	814148167067455488
799713377002156032	1219481226
799713377002156032	1447600524
799713377002156032	2154182889
799713377002156032	2330452177
799713377002156032	2864742297
799713377002156032	2909775269
799713377002156032	818205652833206272
799713377002156032	820928836229623809
799713377002156032	754851968384983040
799713377002156032	737457125430067201
799713377002156032	748382702018105344
799713377002156032	727254725515730945
799713377002156032	824072782879264768
799713377002156032	2620971789
799713377002156032	3405057430
799713377002156032	2974120571
799713377002156032	822810512710914053
799713377002156032	799979931438555136
799713377002156032	4410515674
799713377002156032	813924654062649344
799713377002156032	731186916448739329
799713377002156032	839511495687942144
799713377002156032	2907075323
799713377002156032	735636065118101504
799713377002156032	747625529189097472
799713377002156032	814374553166213120
799713377002156032	832351536839872513
799713377002156032	4389914302
799713377002156032	831273257387044864
799713377002156032	786621010418163713
799713377002156032	820721701210259457
799713377002156032	799688100771336192
799713377002156032	728670419096473602
799713377002156032	4861993593
799713377002156032	748985143239532545
799713377002156032	1120575199
799713377002156032	819303343638114304
799713377002156032	819633076817002496
799713377002156032	820080643723829248
799713377002156032	817124213354037249
799713377002156032	819002388514217984
799713377002156032	742720640558497792
799713377002156032	816423660768600065
799713377002156032	1367180522
799713377002156032	798586876743581696
799713377002156032	779514490425487360
799713377002156032	711138746008100864
799713377002156032	848660787308744707
799713377002156032	832298196558815232
799713377002156032	848319731937546240
799713377002156032	811849738198913024
799713377002156032	832324815444914176
799713377002156032	848635735305531392
799713377002156032	848668475627376641
799713377002156032	792836789698457600
799713377002156032	832297343324155905
799713377002156032	798920808399826944
799713377002156032	828663162916499456
799713377002156032	3318379177
799713377002156032	708489221506355200
799713377002156032	737422424338104320
799713377002156032	3223482230
799713377002156032	371144706
799713377002156032	340139758
799713377002156032	783767636597436420
799713377002156032	820623170109669376
799713377002156032	721691047328354304
799713377002156032	3366124972
799713377002156032	160744517
799713377002156032	2710588033
799713377002156032	4637464174
799713377002156032	427637898
799713377002156032	3948057073
799713377002156032	165979835
799713377002156032	752614324695277572
799713377002156032	225491627
799713377002156032	1959860466
799713377002156032	824728947011321859
799713377002156032	2788953331
799713377002156032	761342109169381377
799713377002156032	830905006568116230
799713377002156032	808131370732179456
799713377002156032	767484330209927172
799713377002156032	747176724694188032
799713377002156032	795296060428132353
799713377002156032	829729259275112453
799713377002156032	756013878077718528
799713377002156032	834809632812052480
799713377002156032	819650299845640193
799713377002156032	779762509599412226
799713377002156032	820101078981152769
799713377002156032	814141135132172288
799713377002156032	775126285668474880
799713377002156032	485644743
799713377002156032	1895067152
799713377002156032	1343752339
799713377002156032	2282796450
799713377002156032	2358395923
799713377002156032	778042663996129280
799713377002156032	1120347613
799713377002156032	4054657162
799713377002156032	789289278958399494
799713377002156032	720807662259191808
799713377002156032	814369844552470528
799713377002156032	768937959374684161
799713377002156032	2430184369
799713377002156032	2591110475
799713377002156032	804484877177462785
799713377002156032	785717098035027968
799713377002156032	2982252760
799713377002156032	2267954983
799713377002156032	776522062034862080
799713377002156032	3083378878
799713377002156032	3082338689
799713377002156032	759355429830987777
799713377002156032	2495689317
799713377002156032	3124399687
799713377002156032	2761995206
799713377002156032	4021053073
799713377002156032	2923961128
799713377002156032	770470850906693632
799713377002156032	773321093792825344
799713377002156032	3439776951
799713377002156032	2308650890
799713377002156032	735622274267684865
799713377002156032	716676172164169730
799713377002156032	745792837954875392
799713377002156032	805132117453570048
799713377002156032	836554552874786817
799713377002156032	4531852752
799713377002156032	1890746246
799713377002156032	781894275734921217
799713377002156032	2644514897
799713377002156032	828888084435574785
799713377002156032	802224809803452416
799713377002156032	753827594915590144
799713377002156032	2586543578
799713377002156032	809148804092006401
799713377002156032	812709953483878401
799713377002156032	825499048685731840
799713377002156032	813536209205129216
799713377002156032	820886488049127425
799713377002156032	819935323031564288
799713377002156032	817628730860433408
799713377002156032	826899075341701121
799713377002156032	804410358215622656
799713377002156032	805443567309258752
799713377002156032	739231010894819328
799713377002156032	1124230663
799713377002156032	823566405085892608
799713377002156032	827375937347940352
799713377002156032	784760750057324545
799713377002156032	2236631364
799713377002156032	3465993792
799713377002156032	1897371066
799713377002156032	3029236451
799713377002156032	765862983532679168
799713377002156032	819224999374553088
799713377002156032	828539265214713856
799713377002156032	820288457037717506
799713377002156032	813980695823585280
799713377002156032	820995232527425536
799713377002156032	817979551435268096
799713377002156032	3313506837
799713377002156032	3335607784
799713377002156032	3045124204
799713377002156032	3289315561
799713377002156032	824805360875737088
799713377002156032	2858420070
799713377002156032	831944416801783810
799713377002156032	3406555798
799713377002156032	829158593618251776
799713377002156032	2377210370
799713377002156032	1320809844
799713377002156032	831535561
799713377002156032	1883909496
799713377002156032	814992756888244224
799713377002156032	816097019844497409
799713377002156032	2534418215
799713377002156032	799471752858529792
799713377002156032	757224018579775488
799713377002156032	607072006
799713377002156032	1504614494
799713377002156032	2280834240
799713377002156032	165033159
799713377002156032	816106891776577537
799713377002156032	4288398021
799713377002156032	554726572
799713377002156032	1855732825
799713377002156032	3368726686
799713377002156032	282705279
799713377002156032	820450205627744257
799713377002156032	815046161576902656
799713377002156032	810351697914712065
799713377002156032	818971918573465603
799713377002156032	2192963647
799713377002156032	817593875598606337
799713377002156032	815683922990342148
799713377002156032	810338066128924672
799713377002156032	820991256373370880
799713377002156032	818287263746523136
799713377002156032	4870853459
799713377002156032	819548593245814786
799713377002156032	2708122665
799713377002156032	818350472163721218
799713377002156032	3131710173
799713377002156032	814300066961887232
799713377002156032	821472519123337216
799713377002156032	821485305400328192
799713377002156032	823339127168962560
799713377002156032	810333311792975872
799713377002156032	823692051422310400
799713377002156032	721536950323253250
799713377002156032	828077380812079105
799713377002156032	826476532419932161
799713377002156032	834864629511811073
799713377002156032	489091223
799713377002156032	770410466908708864
799713377002156032	4092304455
799713377002156032	751466340540637184
799713377002156032	814539520322441216
799713377002156032	743961636814336000
799713377002156032	4755459214
799713377002156032	761047316643971075
799713377002156032	835270318331691008
799713377002156032	752556471716614144
799713377002156032	833324709634797572
799713377002156032	141388924
799713377002156032	779063997714853892
799713377002156032	816047964594569221
799713377002156032	40615753
799713377002156032	817869623479570434
799713377002156032	2347707943
799713377002156032	4729637955
799713377002156032	800185693313998849
799713377002156032	3379506191
799713377002156032	3976280812
799713377002156032	747647468406509568
799713377002156032	112248832
799713377002156032	788098087218741249
799713377002156032	740728622483447808
799713377002156032	810736683981426689
799713377002156032	217018789
799713377002156032	756289914887630848
799713377002156032	817082750595452928
799713377002156032	820009899727974400
799713377002156032	3040166741
799713377002156032	3687490883
799713377002156032	714486872370614276
799713377002156032	782671763867971584
799713377002156032	722575144301027330
799713377002156032	793792433553346560
799713377002156032	797991595966611456
799713377002156032	810563800369954817
799713377002156032	2935569636
799713377002156032	3378267995
799713377002156032	817520774567235584
799713377002156032	729164108881399808
799713377002156032	2872075765
799713377002156032	2165801221
799713377002156032	336906804
799713377002156032	715506011919015938
799713377002156032	2588291577
799713377002156032	805108561370030083
799713377002156032	1400420840
799713377002156032	4063517417
799713377002156032	814193811920396288
799713377002156032	419038460
799713377002156032	2525595500
799713377002156032	814441934030782464
799713377002156032	766008744631296000
799713377002156032	3657575775
799713377002156032	823988333785255936
799713377002156032	1525427761
799713377002156032	3083088005
799713377002156032	3219160231
799713377002156032	2348590070
799713377002156032	2796753827
799713377002156032	2949841581
799713377002156032	3139028325
799713377002156032	3401885953
799713377002156032	3402122712
799713377002156032	4043477703
799713377002156032	3988920681
799713377002156032	3992682371
799713377002156032	3411566593
799713377002156032	3413048114
799713377002156032	3391351823
799713377002156032	2826839540
799713377002156032	3382437813
799713377002156032	819685775302426625
799713377002156032	432812358
799713377002156032	814563528640184320
799713377002156032	796836783942156288
799713377002156032	812405033874714624
799713377002156032	787285807002480640
799713377002156032	3230942936
799713377002156032	772445197137391616
799713377002156032	804218132298694656
799713377002156032	777530872761356289
799713377002156032	755821636373385217
799713377002156032	2959551611
799713377002156032	808467194820628486
799713377002156032	763421092782321666
799713377002156032	739906464194699264
799713377002156032	464165475
799713377002156032	716388280850223104
799713377002156032	3409368971
799713377002156032	812900137597026304
799713377002156032	806019207020314624
799713377002156032	635443898
799713377002156032	828462972813078528
799713377002156032	2203913573
799713377002156032	2892862875
799713377002156032	2305115538
799713377002156032	1852346899
799713377002156032	826920808421457920
799713377002156032	799407793644126208
799713377002156032	1892170706
799713377002156032	775305495922049024
799713377002156032	804123536583458816
799713377002156032	166865185
799713377002156032	782795412247834626
799713377002156032	754754706887446529
799713377002156032	805203385649610752
799713377002156032	971492821
799713377002156032	828282180833046530
799713377002156032	825383905071099905
799713377002156032	2276712041
799713377002156032	2287696584
799713377002156032	780443600157040640
799713377002156032	821775950551674883
799713377002156032	726156501597978630
799713377002156032	3187103052
799713377002156032	787470622758694912
799713377002156032	4167949403
799713377002156032	723941582072872961
799713377002156032	3432748313
799713377002156032	806183391896961024
799713377002156032	806558063603941378
799713377002156032	818107153512824833
799713377002156032	811739411071332353
799713377002156032	814189710209757185
799713377002156032	746429079193272320
799713377002156032	104879071
799713377002156032	820141512654786560
799713377002156032	3390398213
799713377002156032	3390398213
799713377002156032	1491899568
799713377002156032	895092739
799713377002156032	780602709678301184
799713377002156032	274757956
799713377002156032	3352672515
799713377002156032	2224068433
799713377002156032	3383992455
799713377002156032	2562464496
799713377002156032	2932934466
799713377002156032	2596789642
799713377002156032	809605465776803841
799713377002156032	4160082855
799713377002156032	231942306
799713377002156032	4646652681
799713377002156032	814288753846087680
799713377002156032	1473173310
799713377002156032	793686092067119104
799713377002156032	809334715945811968
799713377002156032	4477428687
