863833631734804480	803066257796907008
2278099273	803066257796907008
833101675380477953	803066257796907008
864227086030045184	803066257796907008
816564078	803066257796907008
2646616896	803066257796907008
2519419411	803066257796907008
764943056093212673	803066257796907008
845476343139766272	803066257796907008
422325428	803066257796907008
789211431107518465	803066257796907008
1508076590	803066257796907008
825186461230235654	803066257796907008
2220552961	803066257796907008
116853613	803066257796907008
806217923408826368	803066257796907008
758838927247626241	803066257796907008
810902187895361536	803066257796907008
3345800079	803066257796907008
808442311764045825	803066257796907008
800168382569926656	803066257796907008
936126949	803066257796907008
808334370431868928	803066257796907008
795770832530341888	803066257796907008
1009825093	803066257796907008
803066257796907008	324076260
803066257796907008	816564078
803066257796907008	1526715512
803066257796907008	2727636868
803066257796907008	221390506
803066257796907008	2912336186
803066257796907008	242101122
803066257796907008	230377004
803066257796907008	2519419411
803066257796907008	2646616896
803066257796907008	3345800079
803066257796907008	810902187895361536
803066257796907008	519942441
803066257796907008	116853613
803066257796907008	2220552961
803066257796907008	825186461230235654
803066257796907008	789211431107518465
803066257796907008	422325428
803066257796907008	845476343139766272
803066257796907008	764943056093212673
803066257796907008	795457542243618816
803066257796907008	1393360513
803066257796907008	30973
803066257796907008	309403353
803066257796907008	800199967474262016
803066257796907008	779116895324762112
803066257796907008	247347231
803066257796907008	807026448070479872
803066257796907008	389746569
803066257796907008	807211569599815680
803066257796907008	800185693313998849
803066257796907008	805854201444265985
803066257796907008	796507000058314752
803066257796907008	2519105017
803066257796907008	1569301536
803066257796907008	758838927247626241
803066257796907008	806535574081404928
803066257796907008	2895571509
803066257796907008	805637698325250052
803066257796907008	2807903941
803066257796907008	3283119056
803066257796907008	700533958828752896
803066257796907008	511391178
803066257796907008	792006168306552832
803066257796907008	72187358
803066257796907008	800168382569926656
803066257796907008	4359873133
803066257796907008	734542752562720768
803066257796907008	4352087914
803066257796907008	806217923408826368
803066257796907008	3379506191
803066257796907008	2916644861
803066257796907008	702856709052764160
803066257796907008	808442311764045825
803066257796907008	771085097571381248
803066257796907008	768207492912472066
803066257796907008	936126949
803066257796907008	795770832530341888
803066257796907008	808334370431868928
803066257796907008	2960964431
803066257796907008	2180924804
803066257796907008	3174532732
803066257796907008	2823190470
803066257796907008	444853459
803066257796907008	804505233812557828
803066257796907008	239760107
803066257796907008	10228272
803066257796907008	737779227714551808
803066257796907008	1628003557
803066257796907008	4802822036
803066257796907008	714486872370614276
803066257796907008	720264118050037760
803066257796907008	1508076590
803066257796907008	3703710615
803066257796907008	3784381575
803066257796907008	2935763261
803066257796907008	1651484634
803066257796907008	3996327963
803066257796907008	536805174
803066257796907008	1595537220
803066257796907008	451154642
803066257796907008	1173211099
803066257796907008	737422424338104320
803066257796907008	3410808794
803066257796907008	708489221506355200
803066257796907008	2669946973
803066257796907008	3198564079
803066257796907008	2429749562
803066257796907008	1009825093
803066257796907008	3219160231
803066257796907008	3291778512
803066257796907008	2366214054
803066257796907008	3401885953
803066257796907008	1291606669
803066257796907008	4071650958
803066257796907008	1563985212
803066257796907008	844423106
803066257796907008	127333565
803066257796907008	2266020871
803066257796907008	1307746896
803066257796907008	2515894147
803066257796907008	3251218345
803066257796907008	2225943444
803066257796907008	1607612540
803066257796907008	4128791114
803066257796907008	1527607399
803066257796907008	1122445868
803066257796907008	2304478616
803066257796907008	631481703
803066257796907008	2934697057
803066257796907008	1460842158
803066257796907008	1582411400
803066257796907008	3029236451
803066257796907008	2949841581
803066257796907008	302103828
803066257796907008	725006748877246466
803066257796907008	1445104832
803066257796907008	2183987364
803066257796907008	1155580982
803066257796907008	95254159
803066257796907008	725730901653491714
803066257796907008	1513854438
803066257796907008	3385442645
803066257796907008	3083088005
803066257796907008	2793278945
803066257796907008	784760750057324545
803066257796907008	1862607446
803066257796907008	1491899568
803066257796907008	1591131403
803066257796907008	1402988305
803066257796907008	1187054144
803066257796907008	1878450026
803066257796907008	1391080153
803066257796907008	1173787748
803066257796907008	1409798257
803066257796907008	335141638
803066257796907008	228532030
