3227168521	809164779466194944
843999854690996224	809164779466194944
858842663851876352	809164779466194944
842870472362643457	809164779466194944
867855257065459712	809164779466194944
867857760649711617	809164779466194944
867844442413088769	809164779466194944
859961149382701056	809164779466194944
4617636513	809164779466194944
2929355211	809164779466194944
867574112826400770	809164779466194944
864925299925897216	809164779466194944
861412932470616064	809164779466194944
867530247197138945	809164779466194944
866377495506853888	809164779466194944
867513100005715968	809164779466194944
867493788796809217	809164779466194944
866416190381543425	809164779466194944
469898640	809164779466194944
119091911	809164779466194944
867341361392959488	809164779466194944
866912279844999169	809164779466194944
821813650407071750	809164779466194944
365785052	809164779466194944
842177176615108608	809164779466194944
4868081975	809164779466194944
33857467	809164779466194944
860919819905970176	809164779466194944
865875121629667329	809164779466194944
865317469195513858	809164779466194944
2807940444	809164779466194944
856313582178492416	809164779466194944
863961993153216513	809164779466194944
860200893022482432	809164779466194944
866712163662090242	809164779466194944
471322740	809164779466194944
2495095908	809164779466194944
780122689650495492	809164779466194944
1687310442	809164779466194944
4660680208	809164779466194944
866495337946415104	809164779466194944
857985514879758339	809164779466194944
2331970324	809164779466194944
600419634	809164779466194944
786221336586653697	809164779466194944
865841612416466944	809164779466194944
859155506224607232	809164779466194944
924048464	809164779466194944
859121371238060034	809164779466194944
3169472756	809164779466194944
860893746673704960	809164779466194944
863437190117941248	809164779466194944
866408005352300545	809164779466194944
864311228604178432	809164779466194944
860377245608792064	809164779466194944
866465176547098628	809164779466194944
866463252053606401	809164779466194944
866270822444421120	809164779466194944
866449643433013249	809164779466194944
866448741418635268	809164779466194944
866448750138601473	809164779466194944
857051232753651713	809164779466194944
866447189031231488	809164779466194944
866446696800235521	809164779466194944
858723476202541057	809164779466194944
842282227127934976	809164779466194944
866427593586860032	809164779466194944
803440110838710274	809164779466194944
866425576294199296	809164779466194944
866415952451305472	809164779466194944
619499972	809164779466194944
866377377789685764	809164779466194944
792859897360703493	809164779466194944
226350723	809164779466194944
846114752354910210	809164779466194944
866293876734124032	809164779466194944
865963141007646721	809164779466194944
859818130402660354	809164779466194944
864863505282760705	809164779466194944
829910183576993800	809164779466194944
833562749649223680	809164779466194944
863618534173224960	809164779466194944
864280936225136640	809164779466194944
861452819328638976	809164779466194944
861102467005636608	809164779466194944
841681446121197568	809164779466194944
860666854745841664	809164779466194944
842152623293796352	809164779466194944
860309090010107904	809164779466194944
861371670602371072	809164779466194944
839854198296543232	809164779466194944
859898785299705857	809164779466194944
859908421382025216	809164779466194944
745777162238713856	809164779466194944
803417282533818368	809164779466194944
856971406445334528	809164779466194944
865781689506648065	809164779466194944
865980363444822021	809164779466194944
865969109279887361	809164779466194944
853459268825219072	809164779466194944
370715601	809164779466194944
801246678925930496	809164779466194944
842298887519973376	809164779466194944
856523004062334977	809164779466194944
863798650333540352	809164779466194944
2920591665	809164779466194944
827149302715686912	809164779466194944
861000182397255680	809164779466194944
865702625039220736	809164779466194944
860606987700244484	809164779466194944
841190220787675136	809164779466194944
4636797317	809164779466194944
743950724	809164779466194944
860861987684790273	809164779466194944
865732983466151936	809164779466194944
176233002	809164779466194944
865716867985547264	809164779466194944
861303539536101378	809164779466194944
865641286782472194	809164779466194944
2536453946	809164779466194944
865438044400230400	809164779466194944
865602636275437568	809164779466194944
3386837656	809164779466194944
864676560003051520	809164779466194944
865448616084684800	809164779466194944
3668445436	809164779466194944
793928974460076032	809164779466194944
859080858283765760	809164779466194944
865336154454937604	809164779466194944
865292756637421568	809164779466194944
833424872	809164779466194944
864633266497658880	809164779466194944
865222541165637632	809164779466194944
860585316343844866	809164779466194944
865059582745378816	809164779466194944
149618055	809164779466194944
859548560987230209	809164779466194944
862536512503775233	809164779466194944
860628637321658369	809164779466194944
796662868657643520	809164779466194944
860863675955003392	809164779466194944
751135221060366338	809164779466194944
863926146458460160	809164779466194944
751939354742841344	809164779466194944
862815413096329216	809164779466194944
864141283627085824	809164779466194944
810304146926665728	809164779466194944
474369380	809164779466194944
863468712002801664	809164779466194944
864709823920840708	809164779466194944
845068932792774656	809164779466194944
789175488363188224	809164779466194944
864688725510443008	809164779466194944
2798814091	809164779466194944
848608385528463360	809164779466194944
2693937055	809164779466194944
853358451635900416	809164779466194944
864238288340758529	809164779466194944
3663175351	809164779466194944
850570547016630272	809164779466194944
850916014023786496	809164779466194944
864469465462910976	809164779466194944
856443477185380352	809164779466194944
2868066669	809164779466194944
859190441207529472	809164779466194944
863978621647683584	809164779466194944
859579642658906112	809164779466194944
764906614528757761	809164779466194944
864274366606921728	809164779466194944
859831048326303745	809164779466194944
72682122	809164779466194944
848625370530283520	809164779466194944
864207982422364160	809164779466194944
816815666724421632	809164779466194944
864147282635231233	809164779466194944
864140133926416384	809164779466194944
864117235429900288	809164779466194944
858526524076683264	809164779466194944
863997409776377856	809164779466194944
738956051286917120	809164779466194944
841241739419561984	809164779466194944
782803135840473089	809164779466194944
814252337300705280	809164779466194944
863927544550232065	809164779466194944
863909311944302592	809164779466194944
863664480307167235	809164779466194944
836828337666404353	809164779466194944
863884127094878210	809164779466194944
782349398810460161	809164779466194944
862100882313359360	809164779466194944
766074846547705856	809164779466194944
2947780353	809164779466194944
851392509267902464	809164779466194944
860492366305611777	809164779466194944
859132535871336448	809164779466194944
854448584208637952	809164779466194944
863580941163397120	809164779466194944
829138869203435523	809164779466194944
3087542750	809164779466194944
859574959953334272	809164779466194944
792822670790422528	809164779466194944
855428791769944065	809164779466194944
863522071296577537	809164779466194944
759483208249466880	809164779466194944
863103485700526080	809164779466194944
840579530087649281	809164779466194944
863424126706438152	809164779466194944
49597350	809164779466194944
859382519724220416	809164779466194944
863387988461580292	809164779466194944
799907001459294208	809164779466194944
816920666737754112	809164779466194944
863259991276441602	809164779466194944
826086580616060928	809164779466194944
863196140203687937	809164779466194944
863117073022672897	809164779466194944
863173516274880512	809164779466194944
860978262163501056	809164779466194944
859180764650504192	809164779466194944
4838049212	809164779466194944
855220717763182592	809164779466194944
819346713886466048	809164779466194944
780902264214949888	809164779466194944
862693451178967046	809164779466194944
793300167348719616	809164779466194944
822663307530301440	809164779466194944
855558522322526208	809164779466194944
859174334048464896	809164779466194944
862497062176387072	809164779466194944
856840888722567169	809164779466194944
1329513264	809164779466194944
860629585125363713	809164779466194944
862697448254451712	809164779466194944
862649348777271296	809164779466194944
862647858385883136	809164779466194944
849605143473647616	809164779466194944
2451643993	809164779466194944
2851224729	809164779466194944
842846652620783616	809164779466194944
862484121163005953	809164779466194944
852827471342743553	809164779466194944
825042813024870400	809164779466194944
861773180054249474	809164779466194944
862148537290829824	809164779466194944
852582469010325504	809164779466194944
805667171938471936	809164779466194944
859141711318179843	809164779466194944
430890340	809164779466194944
859097543476740096	809164779466194944
860989133199626240	809164779466194944
843584299643428868	809164779466194944
859567917855371264	809164779466194944
862373150012702721	809164779466194944
862359236919132169	809164779466194944
862320329246605312	809164779466194944
859089917091221504	809164779466194944
3123726114	809164779466194944
844150056009711617	809164779466194944
855504547380420609	809164779466194944
862129620300312580	809164779466194944
838591921580826624	809164779466194944
860854383658942465	809164779466194944
862011021254422528	809164779466194944
3198320880	809164779466194944
861384222312996866	809164779466194944
861006620284866561	809164779466194944
856658040958922752	809164779466194944
861997077848506369	809164779466194944
861948035563180034	809164779466194944
828309068217516032	809164779466194944
770728427808694272	809164779466194944
824072782879264768	809164779466194944
2419674080	809164779466194944
859171884000313345	809164779466194944
861653000430997504	809164779466194944
861097172993011712	809164779466194944
861776106306895872	809164779466194944
861312130112528384	809164779466194944
833867790041899009	809164779466194944
859587963650424832	809164779466194944
860199892240695302	809164779466194944
4794286714	809164779466194944
859873879761670146	809164779466194944
859592673056792577	809164779466194944
714372204238999552	809164779466194944
824393103150895104	809164779466194944
861595526155960321	809164779466194944
2769561617	809164779466194944
859938565907677186	809164779466194944
859218679648718849	809164779466194944
860139150757986305	809164779466194944
860243858315235328	809164779466194944
756381245987258368	809164779466194944
851635954087546880	809164779466194944
859908931136745472	809164779466194944
861386348376313862	809164779466194944
730520386555633665	809164779466194944
860961191765606400	809164779466194944
861349974063370240	809164779466194944
726701517072265216	809164779466194944
861287367499448320	809164779466194944
272018326	809164779466194944
861287534541910017	809164779466194944
859384928970178560	809164779466194944
816067373912522752	809164779466194944
859049768265318400	809164779466194944
850077117597470720	809164779466194944
736318506589769729	809164779466194944
861183211627438080	809164779466194944
849405833091874816	809164779466194944
617699173	809164779466194944
859264748029972481	809164779466194944
861070915848810496	809164779466194944
861026226164682752	809164779466194944
861021638854397954	809164779466194944
959190289	809164779466194944
861010832037220353	809164779466194944
857810648314638336	809164779466194944
860655957038202880	809164779466194944
859245714546860032	809164779466194944
854201328456712192	809164779466194944
860961686827782145	809164779466194944
860968985256370176	809164779466194944
860196876448129026	809164779466194944
859778042029387776	809164779466194944
860915712470208512	809164779466194944
860907382582505472	809164779466194944
859174755173314560	809164779466194944
860878535409496065	809164779466194944
859389687919783936	809164779466194944
859174422208499720	809164779466194944
3145305068	809164779466194944
843457661677002752	809164779466194944
735339399421001728	809164779466194944
856976923859222529	809164779466194944
2946139007	809164779466194944
834824097171435520	809164779466194944
857829808558014464	809164779466194944
859041086999756801	809164779466194944
849076770993254400	809164779466194944
738769895828099073	809164779466194944
860642040438284288	809164779466194944
860627103070527488	809164779466194944
830101854847643649	809164779466194944
853725886801211392	809164779466194944
2975715755	809164779466194944
859082279385157632	809164779466194944
826668668033576960	809164779466194944
859573122516697088	809164779466194944
2188958689	809164779466194944
860343663251030016	809164779466194944
860560683129327616	809164779466194944
860330864030486529	809164779466194944
859515423800401927	809164779466194944
860543475686793216	809164779466194944
860522012548231169	809164779466194944
855574204267220992	809164779466194944
781225653924311040	809164779466194944
860516623538692096	809164779466194944
859841351050903552	809164779466194944
859620306968875009	809164779466194944
1874138959	809164779466194944
847383223294337024	809164779466194944
860397974844821504	809164779466194944
860380393480093696	809164779466194944
3696426732	809164779466194944
775887667238232064	809164779466194944
2396509915	809164779466194944
860350498217631744	809164779466194944
859216899963588608	809164779466194944
4721167375	809164779466194944
860344682437529601	809164779466194944
836028067206279169	809164779466194944
858706864112115712	809164779466194944
860326157962457089	809164779466194944
859565168845520897	809164779466194944
860319111947182080	809164779466194944
818156017758433280	809164779466194944
859525002235961344	809164779466194944
860297997665673217	809164779466194944
858859915691143168	809164779466194944
860277073226719234	809164779466194944
860278970528432128	809164779466194944
859508232972382209	809164779466194944
860271022389563392	809164779466194944
848623193623580672	809164779466194944
859786776445149188	809164779466194944
859169075729227778	809164779466194944
800152643947491328	809164779466194944
859420907885998081	809164779466194944
860245421549072385	809164779466194944
806261377295912962	809164779466194944
746808207897550848	809164779466194944
817061771932418048	809164779466194944
860207091142864902	809164779466194944
858143968667852800	809164779466194944
840907856195014657	809164779466194944
859969797689397248	809164779466194944
859538082592428032	809164779466194944
860107137418133504	809164779466194944
859994662194565120	809164779466194944
2991414591	809164779466194944
82084116	809164779466194944
834212856723865602	809164779466194944
1112003605	809164779466194944
446128206	809164779466194944
859962459351769089	809164779466194944
859545971042242564	809164779466194944
2971777366	809164779466194944
2965133171	809164779466194944
849944453846519808	809164779466194944
1463103056	809164779466194944
859837409223114752	809164779466194944
859938165217386496	809164779466194944
828107157790879744	809164779466194944
3877986374	809164779466194944
2263475238	809164779466194944
859921137584791552	809164779466194944
805081928986689537	809164779466194944
859895631904743424	809164779466194944
859843327050604544	809164779466194944
859894961155604481	809164779466194944
835656397	809164779466194944
793446407462060032	809164779466194944
854443466406809600	809164779466194944
859508893856129024	809164779466194944
839324217237700608	809164779466194944
3991085026	809164779466194944
859138409260101632	809164779466194944
806008584	809164779466194944
859775254230597632	809164779466194944
551087114	809164779466194944
832790310304509952	809164779466194944
856030060557590529	809164779466194944
859620868628127748	809164779466194944
810217739533090816	809164779466194944
859600232979582976	809164779466194944
823329851339776000	809164779466194944
859586528485326849	809164779466194944
26848463	809164779466194944
856693405925212160	809164779466194944
859585534783565824	809164779466194944
858891018724311040	809164779466194944
701895772330184705	809164779466194944
859192700133834752	809164779466194944
848386010719375362	809164779466194944
859556375185301505	809164779466194944
737741830280740865	809164779466194944
859545881191866369	809164779466194944
859079513363423234	809164779466194944
849790014	809164779466194944
810649184999243776	809164779466194944
3363432493	809164779466194944
850781832467681281	809164779466194944
859228570526285825	809164779466194944
859092431945564160	809164779466194944
849398771670712325	809164779466194944
2787758165	809164779466194944
859125679320858624	809164779466194944
859158141778481152	809164779466194944
115526818	809164779466194944
859072277635268610	809164779466194944
756929791106879488	809164779466194944
4854596206	809164779466194944
855932091195944962	809164779466194944
858754066012360704	809164779466194944
751393555248189440	809164779466194944
859152355404775424	809164779466194944
4659222308	809164779466194944
859445932521267200	809164779466194944
759539576742481920	809164779466194944
794571068149288960	809164779466194944
774689240865202176	809164779466194944
858954723457724416	809164779466194944
859394928572592129	809164779466194944
4854393005	809164779466194944
756551044528607233	809164779466194944
845436367316434944	809164779466194944
856169999534305280	809164779466194944
859296575117512704	809164779466194944
852741126503006209	809164779466194944
859265007950942208	809164779466194944
859261066198622210	809164779466194944
859258134484983808	809164779466194944
729921650	809164779466194944
859253878352752645	809164779466194944
859054990412873732	809164779466194944
859244023533281282	809164779466194944
709736785660788736	809164779466194944
775549957893820416	809164779466194944
859240212173606912	809164779466194944
833486741772390400	809164779466194944
859230630193893376	809164779466194944
859211466569854976	809164779466194944
825429909522751488	809164779466194944
858899970178535424	809164779466194944
804475696752001025	809164779466194944
859210907645353985	809164779466194944
859211726650306560	809164779466194944
739645264810541057	809164779466194944
809164779466194944	863961993153216513
809164779466194944	856313582178492416
809164779466194944	2807940444
809164779466194944	865317469195513858
809164779466194944	817794463955353600
809164779466194944	592952873
809164779466194944	471322740
809164779466194944	2495095908
809164779466194944	865438044400230400
809164779466194944	2536453946
809164779466194944	865641286782472194
809164779466194944	861303539536101378
809164779466194944	865716867985547264
809164779466194944	176233002
809164779466194944	865732983466151936
809164779466194944	860861987684790273
809164779466194944	4636797317
809164779466194944	841190220787675136
809164779466194944	860606987700244484
809164779466194944	827149302715686912
809164779466194944	865980363444822021
809164779466194944	865969109279887361
809164779466194944	842298887519973376
809164779466194944	865781689506648065
809164779466194944	856971406445334528
809164779466194944	859898785299705857
809164779466194944	745777162238713856
809164779466194944	859908421382025216
809164779466194944	839854198296543232
809164779466194944	861371670602371072
809164779466194944	860309090010107904
809164779466194944	841681446121197568
809164779466194944	860666854745841664
809164779466194944	842152623293796352
809164779466194944	861102467005636608
809164779466194944	861452819328638976
809164779466194944	864280936225136640
809164779466194944	863618534173224960
809164779466194944	864863505282760705
809164779466194944	833562749649223680
809164779466194944	859818130402660354
809164779466194944	865963141007646721
809164779466194944	829910183576993800
809164779466194944	866293876734124032
809164779466194944	619499972
809164779466194944	846114752354910210
809164779466194944	226350723
809164779466194944	792859897360703493
809164779466194944	866377377789685764
809164779466194944	851496637822357504
809164779466194944	866425576294199296
809164779466194944	866415952451305472
809164779466194944	803440110838710274
809164779466194944	842282227127934976
809164779466194944	866427593586860032
809164779466194944	858723476202541057
809164779466194944	866446696800235521
809164779466194944	866447189031231488
809164779466194944	866448750138601473
809164779466194944	857051232753651713
809164779466194944	866448741418635268
809164779466194944	866463252053606401
809164779466194944	866270822444421120
809164779466194944	866465176547098628
809164779466194944	860377245608792064
809164779466194944	864311228604178432
809164779466194944	866408005352300545
809164779466194944	3169472756
809164779466194944	859121371238060034
809164779466194944	863437190117941248
809164779466194944	860893746673704960
809164779466194944	924048464
809164779466194944	786221336586653697
809164779466194944	865841612416466944
809164779466194944	859155506224607232
809164779466194944	600419634
809164779466194944	2331970324
809164779466194944	857985514879758339
809164779466194944	4660680208
809164779466194944	780122689650495492
809164779466194944	865702625039220736
809164779466194944	861000182397255680
809164779466194944	864170908558049281
809164779466194944	2920591665
809164779466194944	863798650333540352
809164779466194944	856523004062334977
809164779466194944	801246678925930496
809164779466194944	370715601
809164779466194944	853459268825219072
809164779466194944	743950724
809164779466194944	847269225555034112
809164779466194944	1687310442
809164779466194944	816815666724421632
809164779466194944	72682122
809164779466194944	848625370530283520
809164779466194944	764906614528757761
809164779466194944	848608385528463360
809164779466194944	864688725510443008
809164779466194944	789175488363188224
809164779466194944	810304146926665728
809164779466194944	862815413096329216
809164779466194944	751939354742841344
809164779466194944	863926146458460160
809164779466194944	751135221060366338
809164779466194944	860863675955003392
809164779466194944	796662868657643520
809164779466194944	860628637321658369
809164779466194944	862536512503775233
809164779466194944	859548560987230209
809164779466194944	865059582745378816
809164779466194944	865222541165637632
809164779466194944	864633266497658880
809164779466194944	833424872
809164779466194944	865292756637421568
809164779466194944	865336154454937604
809164779466194944	859080858283765760
809164779466194944	793928974460076032
809164779466194944	3668445436
809164779466194944	865448616084684800
809164779466194944	864676560003051520
809164779466194944	865602636275437568
809164779466194944	3386837656
809164779466194944	860585316343844866
809164779466194944	858526524076683264
809164779466194944	819729181084946433
809164779466194944	2693937055
809164779466194944	474369380
809164779466194944	863265570560458752
809164779466194944	49597350
809164779466194944	859574959953334272
809164779466194944	851392509267902464
809164779466194944	814252337300705280
809164779466194944	782803135840473089
809164779466194944	841241739419561984
809164779466194944	738956051286917120
809164779466194944	863997409776377856
809164779466194944	864117235429900288
809164779466194944	864140133926416384
809164779466194944	864147282635231233
809164779466194944	859831048326303745
809164779466194944	864274366606921728
809164779466194944	859579642658906112
809164779466194944	863978621647683584
809164779466194944	859190441207529472
809164779466194944	2868066669
809164779466194944	856443477185380352
809164779466194944	864469465462910976
809164779466194944	3663175351
809164779466194944	864238288340758529
809164779466194944	853358451635900416
809164779466194944	2798814091
809164779466194944	845068932792774656
809164779466194944	864709823920840708
809164779466194944	863468712002801664
809164779466194944	864207982422364160
809164779466194944	862649348777271296
809164779466194944	833867790041899009
809164779466194944	859587963650424832
809164779466194944	860199892240695302
809164779466194944	861312130112528384
809164779466194944	861776106306895872
809164779466194944	861097172993011712
809164779466194944	2419674080
809164779466194944	859171884000313345
809164779466194944	861653000430997504
809164779466194944	824072782879264768
809164779466194944	770728427808694272
809164779466194944	861997077848506369
809164779466194944	861006620284866561
809164779466194944	862011021254422528
809164779466194944	861384222312996866
809164779466194944	3198320880
809164779466194944	3123726114
809164779466194944	844150056009711617
809164779466194944	855504547380420609
809164779466194944	859089917091221504
809164779466194944	862359236919132169
809164779466194944	860989133199626240
809164779466194944	859097543476740096
809164779466194944	430890340
809164779466194944	843584299643428868
809164779466194944	859567917855371264
809164779466194944	862373150012702721
809164779466194944	852582469010325504
809164779466194944	859141711318179843
809164779466194944	805667171938471936
809164779466194944	825042813024870400
809164779466194944	862148537290829824
809164779466194944	852827471342743553
809164779466194944	862484121163005953
809164779466194944	849605143473647616
809164779466194944	862647858385883136
809164779466194944	1329513264
809164779466194944	856840888722567169
809164779466194944	860629585125363713
809164779466194944	862497062176387072
809164779466194944	859174334048464896
809164779466194944	855558522322526208
809164779466194944	862693451178967046
809164779466194944	793300167348719616
809164779466194944	780902264214949888
809164779466194944	819346713886466048
809164779466194944	4838049212
809164779466194944	859180764650504192
809164779466194944	855220717763182592
809164779466194944	860978262163501056
809164779466194944	863173516274880512
809164779466194944	863117073022672897
809164779466194944	826086580616060928
809164779466194944	863196140203687937
809164779466194944	863259991276441602
809164779466194944	816920666737754112
809164779466194944	799907001459294208
809164779466194944	863387988461580292
809164779466194944	859382519724220416
809164779466194944	863434558586466308
809164779466194944	863424126706438152
809164779466194944	840579530087649281
809164779466194944	863103485700526080
809164779466194944	759483208249466880
809164779466194944	855428791769944065
809164779466194944	792822670790422528
809164779466194944	840084530484535296
809164779466194944	3087542750
809164779466194944	829138869203435523
809164779466194944	863580941163397120
809164779466194944	854448584208637952
809164779466194944	859132535871336448
809164779466194944	860492366305611777
809164779466194944	766074846547705856
809164779466194944	782349398810460161
809164779466194944	863884127094878210
809164779466194944	836828337666404353
809164779466194944	863664480307167235
809164779466194944	863909311944302592
809164779466194944	863927544550232065
809164779466194944	2947780353
809164779466194944	862100882313359360
809164779466194944	822663307530301440
809164779466194944	859876870401273856
809164779466194944	860200893022482432
809164779466194944	738769895828099073
809164779466194944	3145305068
809164779466194944	859174422208499720
809164779466194944	859389687919783936
809164779466194944	860878535409496065
809164779466194944	859174755173314560
809164779466194944	860907382582505472
809164779466194944	860915712470208512
809164779466194944	860927263398907905
809164779466194944	859778042029387776
809164779466194944	860196876448129026
809164779466194944	860968985256370176
809164779466194944	860961686827782145
809164779466194944	854201328456712192
809164779466194944	859245714546860032
809164779466194944	860655957038202880
809164779466194944	857810648314638336
809164779466194944	861010832037220353
809164779466194944	959190289
809164779466194944	838192058988810240
809164779466194944	861021638854397954
809164779466194944	861026226164682752
809164779466194944	861070915848810496
809164779466194944	859264748029972481
809164779466194944	617699173
809164779466194944	849405833091874816
809164779466194944	861183211627438080
809164779466194944	736318506589769729
809164779466194944	850077117597470720
809164779466194944	859049768265318400
809164779466194944	816067373912522752
809164779466194944	859384928970178560
809164779466194944	861287534541910017
809164779466194944	272018326
809164779466194944	861287367499448320
809164779466194944	726701517072265216
809164779466194944	861349974063370240
809164779466194944	860961191765606400
809164779466194944	730520386555633665
809164779466194944	861386348376313862
809164779466194944	859908931136745472
809164779466194944	851635954087546880
809164779466194944	756381245987258368
809164779466194944	860243858315235328
809164779466194944	859218679648718849
809164779466194944	859938565907677186
809164779466194944	2769561617
809164779466194944	860813585148260352
809164779466194944	861595526155960321
809164779466194944	824393103150895104
809164779466194944	714372204238999552
809164779466194944	859592673056792577
809164779466194944	859873879761670146
809164779466194944	4794286714
809164779466194944	843457661677002752
809164779466194944	735339399421001728
809164779466194944	273140676
809164779466194944	856976923859222529
809164779466194944	2946139007
809164779466194944	859138409260101632
809164779466194944	859598682655784960
809164779466194944	835656397
809164779466194944	859894961155604481
809164779466194944	859843327050604544
809164779466194944	2263475238
809164779466194944	3877986374
809164779466194944	859938165217386496
809164779466194944	828107157790879744
809164779466194944	855170648368230400
809164779466194944	859837409223114752
809164779466194944	1463103056
809164779466194944	2965133171
809164779466194944	2971777366
809164779466194944	859545971042242564
809164779466194944	446128206
809164779466194944	1112003605
809164779466194944	2991414591
809164779466194944	860107137418133504
809164779466194944	860207091142864902
809164779466194944	800152643947491328
809164779466194944	859169075729227778
809164779466194944	859786776445149188
809164779466194944	848623193623580672
809164779466194944	860271022389563392
809164779466194944	859508232972382209
809164779466194944	860278970528432128
809164779466194944	860277073226719234
809164779466194944	858859915691143168
809164779466194944	860297997665673217
809164779466194944	818156017758433280
809164779466194944	859525002235961344
809164779466194944	860319111947182080
809164779466194944	858706864112115712
809164779466194944	859565168845520897
809164779466194944	860326157962457089
809164779466194944	836028067206279169
809164779466194944	860344682437529601
809164779466194944	4721167375
809164779466194944	859216899963588608
809164779466194944	860350498217631744
809164779466194944	2396509915
809164779466194944	860380393480093696
809164779466194944	860397974844821504
809164779466194944	775887667238232064
809164779466194944	3696426732
809164779466194944	847383223294337024
809164779466194944	859877686897987588
809164779466194944	1874138959
809164779466194944	859841351050903552
809164779466194944	860516623538692096
809164779466194944	855574204267220992
809164779466194944	860522012548231169
809164779466194944	860543475686793216
809164779466194944	859515423800401927
809164779466194944	860330864030486529
809164779466194944	860560683129327616
809164779466194944	859939695253258240
809164779466194944	860343663251030016
809164779466194944	2188958689
809164779466194944	859573122516697088
809164779466194944	826668668033576960
809164779466194944	859082279385157632
809164779466194944	2975715755
809164779466194944	853725886801211392
809164779466194944	830101854847643649
809164779466194944	860627103070527488
809164779466194944	860642040438284288
809164779466194944	849076770993254400
809164779466194944	859041086999756801
809164779466194944	834824097171435520
809164779466194944	857829808558014464
809164779466194944	859538082592428032
809164779466194944	859969797689397248
809164779466194944	840907856195014657
809164779466194944	858143968667852800
809164779466194944	817061771932418048
809164779466194944	806261377295912962
809164779466194944	746808207897550848
809164779466194944	860245421549072385
809164779466194944	859420907885998081
809164779466194944	834212856723865602
809164779466194944	859109227637477376
809164779466194944	859895631904743424
809164779466194944	805081928986689537
809164779466194944	859921137584791552
809164779466194944	859508893856129024
809164779466194944	859839132314599425
809164779466194944	854443466406809600
809164779466194944	793446407462060032
809164779466194944	3991085026
809164779466194944	839324217237700608
809164779466194944	859158141778481152
809164779466194944	859125679320858624
809164779466194944	859092431945564160
809164779466194944	859228570526285825
809164779466194944	850781832467681281
809164779466194944	859545881191866369
809164779466194944	859192700133834752
809164779466194944	701895772330184705
809164779466194944	858891018724311040
809164779466194944	859585534783565824
809164779466194944	856693405925212160
809164779466194944	26848463
809164779466194944	823329851339776000
809164779466194944	859586528485326849
809164779466194944	859600232979582976
809164779466194944	810217739533090816
809164779466194944	859620868628127748
809164779466194944	856030060557590529
809164779466194944	832790310304509952
809164779466194944	551087114
809164779466194944	859775254230597632
809164779466194944	806008584
809164779466194944	857690597263593472
809164779466194944	859556375185301505
809164779466194944	848386010719375362
809164779466194944	737741830280740865
809164779466194944	859079513363423234
809164779466194944	849790014
809164779466194944	810649184999243776
809164779466194944	849398771670712325
809164779466194944	2787758165
809164779466194944	756929791106879488
809164779466194944	115526818
809164779466194944	4854393005
809164779466194944	859072277635268610
809164779466194944	4854596206
809164779466194944	858951965648318465
809164779466194944	859102219123208193
809164779466194944	792831829036249088
809164779466194944	739645264810541057
809164779466194944	859210907645353985
809164779466194944	804475696752001025
809164779466194944	4653776844
809164779466194944	858899970178535424
809164779466194944	825429909522751488
809164779466194944	859211466569854976
809164779466194944	859230630193893376
809164779466194944	833486741772390400
809164779466194944	859240212173606912
809164779466194944	775549957893820416
809164779466194944	709736785660788736
809164779466194944	859244023533281282
809164779466194944	859054990412873732
809164779466194944	729921650
809164779466194944	859253878352752645
809164779466194944	859258134484983808
809164779466194944	859265007950942208
809164779466194944	859261066198622210
809164779466194944	852741126503006209
809164779466194944	859296575117512704
809164779466194944	856169999534305280
809164779466194944	845436367316434944
809164779466194944	756551044528607233
809164779466194944	859394928572592129
809164779466194944	858954723457724416
809164779466194944	774689240865202176
809164779466194944	794571068149288960
809164779466194944	759539576742481920
809164779466194944	859445932521267200
809164779466194944	4659222308
809164779466194944	958685695
809164779466194944	859152355404775424
809164779466194944	751393555248189440
809164779466194944	858754066012360704
809164779466194944	278662460
809164779466194944	859180038910070788
809164779466194944	754570504552517632
809164779466194944	858760175028764672
809164779466194944	858776321031372802
809164779466194944	858807870745399303
809164779466194944	816425558137597953
809164779466194944	858821982044991488
809164779466194944	858844600567549952
809164779466194944	858845974059511810
809164779466194944	858847356153974784
809164779466194944	858850620316545024
809164779466194944	858849342999941122
809164779466194944	858852124490440704
809164779466194944	811645431822295040
809164779466194944	842191359943577600
809164779466194944	851491701856325632
809164779466194944	858149036926222336
809164779466194944	858916693933826049
809164779466194944	858901881057366016
809164779466194944	820093675094962176
809164779466194944	858916834359345152
809164779466194944	859052834934992898
809164779466194944	858406066748620803
809164779466194944	841022046150770693
809164779466194944	1007551698
809164779466194944	858883609939378176
809164779466194944	859051322670297088
809164779466194944	859094588103045121
809164779466194944	859102686200942592
809164779466194944	846957728031559682
809164779466194944	523492808
809164779466194944	856923514263097344
809164779466194944	859091407549673473
