867807136855851008	810932866771283968
3135322146	810932866771283968
768542162334150657	810932866771283968
711208542334689281	810932866771283968
867088924036010048	810932866771283968
847383223294337024	810932866771283968
829960647970521088	810932866771283968
184228142	810932866771283968
829939262300778496	810932866771283968
864079808061362177	810932866771283968
3706019128	810932866771283968
839132093661777920	810932866771283968
866420433536638977	810932866771283968
816981127730601985	810932866771283968
850688575544930304	810932866771283968
859153675465494528	810932866771283968
2961624640	810932866771283968
860998377823248385	810932866771283968
859128715674046464	810932866771283968
4891039797	810932866771283968
35954417	810932866771283968
2467528407	810932866771283968
830997719158288384	810932866771283968
861952490769498112	810932866771283968
865923707113324544	810932866771283968
727101368117252096	810932866771283968
866102374473117697	810932866771283968
756517995825000448	810932866771283968
823540911426727936	810932866771283968
865901095599706112	810932866771283968
810073540523388928	810932866771283968
819064376170778624	810932866771283968
3298132698	810932866771283968
1321757263	810932866771283968
723239428357906433	810932866771283968
1415934126	810932866771283968
1387578217	810932866771283968
865438044400230400	810932866771283968
839369983121469440	810932866771283968
3339030605	810932866771283968
787302134588977154	810932866771283968
752588646151139328	810932866771283968
3497115554	810932866771283968
822881360889122817	810932866771283968
788221665977270272	810932866771283968
819675116984561664	810932866771283968
851405960748859394	810932866771283968
840793863358971905	810932866771283968
2177868799	810932866771283968
809148804092006401	810932866771283968
827645771948363776	810932866771283968
802594534354014209	810932866771283968
824653614396428289	810932866771283968
730972158373990401	810932866771283968
768594532090904576	810932866771283968
2226163010	810932866771283968
2154182889	810932866771283968
767484330209927172	810932866771283968
2386673104	810932866771283968
2605176207	810932866771283968
3383849632	810932866771283968
1012477579	810932866771283968
1219481226	810932866771283968
821775950551674883	810932866771283968
814288753846087680	810932866771283968
631576731	810932866771283968
597836691	810932866771283968
795260516436353024	810932866771283968
862885128862810112	810932866771283968
2820026014	810932866771283968
4351190652	810932866771283968
852429607403888641	810932866771283968
860606987700244484	810932866771283968
851167953081032705	810932866771283968
731138821404958720	810932866771283968
829928673079808001	810932866771283968
3312003871	810932866771283968
718844179871350785	810932866771283968
859930566422130688	810932866771283968
859057572678176777	810932866771283968
859620306968875009	810932866771283968
3019173355	810932866771283968
852425011499601920	810932866771283968
3036159180	810932866771283968
848105836455108608	810932866771283968
1115626868	810932866771283968
719094854194581504	810932866771283968
859179490924277761	810932866771283968
1453164746	810932866771283968
830239479554256898	810932866771283968
749439542550097920	810932866771283968
781225653924311040	810932866771283968
860292381106634752	810932866771283968
789216428863827968	810932866771283968
859415503428890626	810932866771283968
848555658857242624	810932866771283968
859227294681907200	810932866771283968
4254859222	810932866771283968
771902062854627328	810932866771283968
787285807002480640	810932866771283968
859134530921299968	810932866771283968
3939597502	810932866771283968
3319163354	810932866771283968
856348386529771521	810932866771283968
820433198505230336	810932866771283968
816456277446553600	810932866771283968
847468061732945921	810932866771283968
831522280081612803	810932866771283968
432812358	810932866771283968
145163084	810932866771283968
855964207417761792	810932866771283968
827530205430439937	810932866771283968
818175833307131904	810932866771283968
3621795552	810932866771283968
744877991906447360	810932866771283968
835651574454071296	810932866771283968
3961386492	810932866771283968
859270238801543168	810932866771283968
546477077	810932866771283968
772827544206864384	810932866771283968
766864776467099648	810932866771283968
849941839767494656	810932866771283968
554125101	810932866771283968
825985052987232256	810932866771283968
137533205	810932866771283968
772263012	810932866771283968
739985545200316416	810932866771283968
843096157706424322	810932866771283968
795278659192025088	810932866771283968
815912081228701697	810932866771283968
859090333384097792	810932866771283968
708237313025953793	810932866771283968
4681542193	810932866771283968
2855993760	810932866771283968
820928836229623809	810932866771283968
858935623494889472	810932866771283968
852953017469063170	810932866771283968
857331578225049600	810932866771283968
823371025245241344	810932866771283968
2651429035	810932866771283968
1149289692	810932866771283968
339422936	810932866771283968
830481050098872320	810932866771283968
859087022245523456	810932866771283968
1680057415	810932866771283968
818681569795776512	810932866771283968
817439767608496128	810932866771283968
772275042168242176	810932866771283968
2946777712	810932866771283968
765018715280637952	810932866771283968
4033949931	810932866771283968
936126949	810932866771283968
858817198076428288	810932866771283968
1485374137	810932866771283968
810885497677484032	810932866771283968
823724654057635841	810932866771283968
762135351037140992	810932866771283968
761910053745983489	810932866771283968
2504098089	810932866771283968
138472865	810932866771283968
858706156448997376	810932866771283968
858839786554933249	810932866771283968
2465259339	810932866771283968
859068038594744321	810932866771283968
1471138165	810932866771283968
857501636033249284	810932866771283968
843929293541556224	810932866771283968
846729915378548736	810932866771283968
797541528927346688	810932866771283968
854315306902323200	810932866771283968
160744517	810932866771283968
833680520961732609	810932866771283968
848507345197965312	810932866771283968
3599133973	810932866771283968
846098155015999488	810932866771283968
745435056374583296	810932866771283968
839975597677854720	810932866771283968
812000326387638273	810932866771283968
825525438579486721	810932866771283968
2806315993	810932866771283968
780602709678301184	810932866771283968
821107838919606273	810932866771283968
705883203320619008	810932866771283968
171224821	810932866771283968
745606658576031744	810932866771283968
810932866771283968	716397292060803072
810932866771283968	765363207963811840
810932866771283968	589519098
810932866771283968	866281508608376832
810932866771283968	853743582766878723
810932866771283968	837372252727488512
810932866771283968	839132093661777920
810932866771283968	312997432
810932866771283968	2223867139
810932866771283968	2467528407
810932866771283968	782219609751613440
810932866771283968	3867644722
810932866771283968	2961624640
810932866771283968	4846426280
810932866771283968	566027460
810932866771283968	3706019128
810932866771283968	184228142
810932866771283968	859153675465494528
810932866771283968	823953661214814209
810932866771283968	865750525706481664
810932866771283968	859128715674046464
810932866771283968	860671820353204224
810932866771283968	778907287
810932866771283968	861952490769498112
810932866771283968	839324217237700608
810932866771283968	4280043388
810932866771283968	726461265753690112
810932866771283968	860878535409496065
810932866771283968	1566561912
810932866771283968	2345825657
810932866771283968	4174405108
810932866771283968	1433815465
810932866771283968	730860993513947139
810932866771283968	3035826855
810932866771283968	850688575544930304
810932866771283968	809451735114719234
810932866771283968	35954417
810932866771283968	2510681002
810932866771283968	863211442144759808
810932866771283968	859786776445149188
810932866771283968	730985019229999104
810932866771283968	830997719158288384
810932866771283968	834969003533692928
810932866771283968	811663416549056514
810932866771283968	860998377823248385
810932866771283968	735339399421001728
810932866771283968	768542162334150657
810932866771283968	838192058988810240
810932866771283968	3309134233
810932866771283968	278662460
810932866771283968	794927447582117888
810932866771283968	797548507985051649
810932866771283968	816981127730601985
810932866771283968	825429909522751488
810932866771283968	4904667637
810932866771283968	822881360889122817
810932866771283968	817979551435268096
810932866771283968	4415847800
810932866771283968	3854991448
810932866771283968	859198988809109504
810932866771283968	44011261
810932866771283968	2591110475
810932866771283968	3298132698
810932866771283968	839358570885963776
810932866771283968	802450499157000192
810932866771283968	826760210257678337
810932866771283968	1321757263
810932866771283968	4664692573
810932866771283968	821869975
810932866771283968	4389914302
810932866771283968	814308127097180161
810932866771283968	831743892953432065
810932866771283968	827707112918773760
810932866771283968	839772488460484608
810932866771283968	463670856
810932866771283968	3383849632
810932866771283968	750711921440092160
810932866771283968	765607095483899904
810932866771283968	767484330209927172
810932866771283968	837502856936706048
810932866771283968	852635303772868612
810932866771283968	752588646151139328
810932866771283968	194122984
810932866771283968	334927674
810932866771283968	4187801331
810932866771283968	778042663996129280
810932866771283968	802740360896270336
810932866771283968	1497027697
810932866771283968	3322053329
810932866771283968	3373429011
810932866771283968	779762509599412226
810932866771283968	824653614396428289
810932866771283968	825117035713687553
810932866771283968	860139150757986305
810932866771283968	485644743
810932866771283968	1656467454
810932866771283968	2203922747
810932866771283968	819064376170778624
810932866771283968	829575487638880256
810932866771283968	635264519
810932866771283968	755554950575423488
810932866771283968	767164380677017601
810932866771283968	2664799452
810932866771283968	813432153774190593
810932866771283968	814141135132172288
810932866771283968	840081278
810932866771283968	2416803492
810932866771283968	274757956
810932866771283968	488627477
810932866771283968	2807903941
810932866771283968	540309491
810932866771283968	4891039797
810932866771283968	770470850906693632
810932866771283968	809148804092006401
810932866771283968	821775950551674883
810932866771283968	823540911426727936
810932866771283968	2934420433
810932866771283968	705227473403953152
810932866771283968	1118210275
810932866771283968	2386673104
810932866771283968	2967219963
810932866771283968	3497115554
810932866771283968	840458611595784192
810932866771283968	168304102
810932866771283968	1118491964
810932866771283968	944634739
810932866771283968	2395471465
810932866771283968	2805929705
810932866771283968	3932435233
810932866771283968	227428057
810932866771283968	2154182889
810932866771283968	1134719952
810932866771283968	3433440351
810932866771283968	779765352582483968
810932866771283968	788221665977270272
810932866771283968	789906029937057792
810932866771283968	813887509243510785
810932866771283968	1219481226
810932866771283968	4054657162
810932866771283968	4637464174
810932866771283968	2816209864
810932866771283968	2864742297
810932866771283968	4036908134
810932866771283968	783796224847704065
810932866771283968	708819956503334912
810932866771283968	792968712592719872
810932866771283968	853828508744855554
810932866771283968	855846405763735552
810932866771283968	1320809844
810932866771283968	2710588033
810932866771283968	775195221227339776
810932866771283968	797809030584565761
810932866771283968	802594534354014209
810932866771283968	814563528640184320
810932866771283968	2595752566
810932866771283968	781919384327421952
810932866771283968	789163228332908544
810932866771283968	805895599815999488
810932866771283968	824704133315883010
810932866771283968	847383223294337024
810932866771283968	2273313906
810932866771283968	3185777156
810932866771283968	4417275275
810932866771283968	721563176828018688
810932866771283968	752614324695277572
810932866771283968	814288753846087680
810932866771283968	821215667693223938
810932866771283968	839369983121469440
810932866771283968	941847740
810932866771283968	1012477579
810932866771283968	2177868799
810932866771283968	2605176207
810932866771283968	3431943887
810932866771283968	739540738136887296
810932866771283968	741448644503670784
810932866771283968	791755852353069056
810932866771283968	810808948655878146
810932866771283968	815704717816905728
810932866771283968	827645771948363776
810932866771283968	840793863358971905
810932866771283968	851405300766736384
810932866771283968	630697155
810932866771283968	2887163307
810932866771283968	2937695951
810932866771283968	3345800079
810932866771283968	4854596206
810932866771283968	820132227317055488
810932866771283968	2308650890
810932866771283968	842435618739113984
810932866771283968	851405960748859394
810932866771283968	793936759193104385
810932866771283968	767152024735641601
810932866771283968	723239428357906433
810932866771283968	4765566258
810932866771283968	3033700372
810932866771283968	2998818841
810932866771283968	1430468900
810932866771283968	1387578217
810932866771283968	2226163010
810932866771283968	138130066
810932866771283968	831202166299885568
810932866771283968	3419007669
810932866771283968	819675116984561664
810932866771283968	839840266408378369
810932866771283968	804218132298694656
810932866771283968	756289914887630848
810932866771283968	737699815463735296
810932866771283968	3364955013
810932866771283968	4926004259
810932866771283968	714243730119720960
810932866771283968	2344093698
810932866771283968	824660949000937473
810932866771283968	851167953081032705
810932866771283968	851343042778865664
810932866771283968	597836691
810932866771283968	796507000058314752
810932866771283968	1367180522
810932866771283968	2354028950
810932866771283968	805094479111798784
810932866771283968	702266515756867584
810932866771283968	699326130365530113
810932866771283968	820859703098015744
810932866771283968	2923961128
810932866771283968	4904898622
810932866771283968	825725482519891970
810932866771283968	721022788493000705
810932866771283968	3382576421
810932866771283968	4821380613
810932866771283968	2933133226
810932866771283968	3064647179
810932866771283968	3312003871
810932866771283968	724685460048633857
810932866771283968	839259385973071872
810932866771283968	1663893415
810932866771283968	3058907044
810932866771283968	791424854281125888
810932866771283968	3261839014
810932866771283968	812197021381758977
810932866771283968	856296092178296835
810932866771283968	273140676
810932866771283968	4295757196
810932866771283968	823010743155097601
810932866771283968	859094366647877632
810932866771283968	731873915107221504
810932866771283968	750795634127491072
810932866771283968	720815296521625600
810932866771283968	3939597502
810932866771283968	806219371509116932
810932866771283968	3419939403
810932866771283968	27260086
810932866771283968	787285807002480640
810932866771283968	3352672515
810932866771283968	772445197137391616
810932866771283968	859134530921299968
810932866771283968	804508605852618753
810932866771283968	775887667238232064
810932866771283968	4254859222
810932866771283968	846161611933003780
810932866771283968	859207608950857728
810932866771283968	850839979303587842
810932866771283968	859179490924277761
810932866771283968	786006636263534592
810932866771283968	2747445737
810932866771283968	856125891457548288
810932866771283968	819320422558613504
810932866771283968	3477574465
810932866771283968	400370618
810932866771283968	1453164746
810932866771283968	3319163354
810932866771283968	1052247006
810932866771283968	229474938
810932866771283968	847468061732945921
810932866771283968	3621795552
810932866771283968	829849178461331456
810932866771283968	811749706854342656
810932866771283968	844721258109505536
810932866771283968	377466327
810932866771283968	829928673079808001
810932866771283968	820433198505230336
810932866771283968	821205140891963392
810932866771283968	816456277446553600
810932866771283968	818175833307131904
810932866771283968	831522280081612803
810932866771283968	855262172955455488
810932866771283968	731138821404958720
810932866771283968	546477077
810932866771283968	3961386492
810932866771283968	806535265800044544
810932866771283968	800908565489844224
810932866771283968	772263012
810932866771283968	739985545200316416
810932866771283968	842208665935441920
810932866771283968	1581158294
810932866771283968	728231847621054464
810932866771283968	3447508162
810932866771283968	712497843769057280
810932866771283968	37971624
810932866771283968	1115626868
810932866771283968	766864776467099648
810932866771283968	858937490744516609
810932866771283968	859227294681907200
810932866771283968	821441103035506690
810932866771283968	4671867913
810932866771283968	825985052987232256
810932866771283968	827530205430439937
810932866771283968	859270238801543168
810932866771283968	859366007281987585
810932866771283968	707875043682877441
810932866771283968	772827544206864384
810932866771283968	859387004961869824
810932866771283968	843096157706424322
810932866771283968	771902062854627328
810932866771283968	2845439836
810932866771283968	856137947858337793
810932866771283968	858088572116774912
810932866771283968	856348386529771521
810932866771283968	772030899764420613
810932866771283968	3275764404
810932866771283968	794859681860689920
810932866771283968	728862435340365824
810932866771283968	744877991906447360
810932866771283968	782125506015756288
810932866771283968	557750578
810932866771283968	742747902
810932866771283968	3015917116
810932866771283968	837051418611707909
810932866771283968	212290277
810932866771283968	330119492
810932866771283968	3244904879
810932866771283968	4774645248
810932866771283968	137533205
810932866771283968	3166191997
810932866771283968	554125101
810932866771283968	844522720016551936
810932866771283968	839148292650983428
810932866771283968	789863590421368832
810932866771283968	835651574454071296
810932866771283968	849941839767494656
810932866771283968	834098589844520963
810932866771283968	859116513818628096
810932866771283968	553095500
810932866771283968	853081905058562048
810932866771283968	761928655203426305
810932866771283968	854601988733935616
810932866771283968	812204465193242624
810932866771283968	853905680062857218
810932866771283968	705191177503449088
810932866771283968	846742208694898688
810932866771283968	2955455587
810932866771283968	832449886364708867
810932866771283968	830554822109704192
810932866771283968	761921997198749696
810932866771283968	854258568270200832
810932866771283968	723199792180916225
810932866771283968	856495601130680321
810932866771283968	829787818046193664
810932866771283968	859094286637256704
810932866771283968	851461635277455360
810932866771283968	324666538
810932866771283968	818115292756930560
810932866771283968	470625327
810932866771283968	759217868349272064
810932866771283968	4867192792
810932866771283968	1646196330
810932866771283968	1855162435
810932866771283968	2728466409
810932866771283968	47423085
810932866771283968	3131104516
810932866771283968	1692691326
810932866771283968	3527673745
810932866771283968	223357058
810932866771283968	477421188
810932866771283968	2554616523
810932866771283968	726505742354792448
810932866771283968	707540685604257792
810932866771283968	438447883
810932866771283968	2813921184
810932866771283968	2335376581
810932866771283968	858493388
810932866771283968	3012663891
810932866771283968	3019173355
810932866771283968	3870822433
810932866771283968	936126949
810932866771283968	3150249292
810932866771283968	788368614109786113
810932866771283968	895092739
810932866771283968	3004099798
810932866771283968	3081785223
810932866771283968	2537274484
810932866771283968	2946777712
810932866771283968	3346872635
810932866771283968	755117877917786112
810932866771283968	732436839315996672
810932866771283968	2820026014
810932866771283968	631068387
810932866771283968	729177884980436992
810932866771283968	3963735087
810932866771283968	733499661282115584
810932866771283968	820141512654786560
810932866771283968	2423250463
810932866771283968	187900049
810932866771283968	1072133689
810932866771283968	2671429518
810932866771283968	3083378878
810932866771283968	757290877316464640
810932866771283968	30281506
810932866771283968	359581159
810932866771283968	813546332682076160
810932866771283968	767386239175720960
810932866771283968	2209146940
810932866771283968	975000510
810932866771283968	3267131857
810932866771283968	4212669193
810932866771283968	723941582072872961
810932866771283968	816694739244175360
810932866771283968	3161338625
810932866771283968	790214020099964932
810932866771283968	3479742436
810932866771283968	728055433223647232
810932866771283968	1485374137
810932866771283968	1668936842
810932866771283968	823740412187832320
810932866771283968	3777933862
810932866771283968	4012561463
810932866771283968	715506011919015938
810932866771283968	719094854194581504
810932866771283968	800193098772922368
810932866771283968	104879071
810932866771283968	800447781995298817
810932866771283968	776522062034862080
810932866771283968	408529831
810932866771283968	432635609
810932866771283968	3262915172
810932866771283968	858874715179495429
810932866771283968	2504098089
810932866771283968	1167928658
810932866771283968	857331578225049600
810932866771283968	858696853692469248
810932866771283968	3124745745
810932866771283968	855964207417761792
810932866771283968	814388157584056320
810932866771283968	859087022245523456
810932866771283968	825304996929499136
810932866771283968	791955679816716288
810932866771283968	1149289692
810932866771283968	2651429035
810932866771283968	339422936
810932866771283968	859090333384097792
810932866771283968	756076945738047488
810932866771283968	2154207456
810932866771283968	756517995825000448
810932866771283968	761910053745983489
810932866771283968	771652882126901248
810932866771283968	852425011499601920
810932866771283968	848941087335043072
810932866771283968	1468190814
810932866771283968	781875242994196480
810932866771283968	1559344572
810932866771283968	259666706
810932866771283968	859088656488943616
810932866771283968	4575135494
810932866771283968	853511776419405824
810932866771283968	859074721744396290
810932866771283968	830481050098872320
810932866771283968	4033949931
810932866771283968	761529168366542849
810932866771283968	782515821012627457
810932866771283968	776421882631303169
810932866771283968	138472865
810932866771283968	705181483242299396
810932866771283968	817439767608496128
810932866771283968	749816153128640513
810932866771283968	4259324147
810932866771283968	765018715280637952
810932866771283968	823724654057635841
810932866771283968	3371376077
810932866771283968	859081733035225091
810932866771283968	4610003832
810932866771283968	787302134588977154
810932866771283968	411133489
810932866771283968	784859919459680257
810932866771283968	4728903470
810932866771283968	803753789605945345
810932866771283968	859085870346903553
810932866771283968	859090819822874628
810932866771283968	856150955833819140
810932866771283968	830831066093076485
810932866771283968	858706156448997376
810932866771283968	813948981734686720
810932866771283968	789216428863827968
810932866771283968	2935144672
810932866771283968	716961646913069058
810932866771283968	2887336310
810932866771283968	753143982071218176
810932866771283968	787530396439187456
810932866771283968	859068038594744321
810932866771283968	740196847885651969
810932866771283968	858126124425003008
810932866771283968	858839786554933249
810932866771283968	2889571358
