867599538139402240	814288753846087680
782771049582694400	814288753846087680
858810497990180865	814288753846087680
867578095758430208	814288753846087680
3364451049	814288753846087680
858951057509986304	814288753846087680
866328607043485697	814288753846087680
832360285839228928	814288753846087680
848330205827616768	814288753846087680
867570566957600768	814288753846087680
822777443219931137	814288753846087680
726615569865154561	814288753846087680
3349572651	814288753846087680
867401976476307456	814288753846087680
867540210007121920	814288753846087680
867541432940322817	814288753846087680
858783355449593858	814288753846087680
844746028779737090	814288753846087680
847899127312781313	814288753846087680
866474406712926208	814288753846087680
1638458144	814288753846087680
846323330294657025	814288753846087680
1347505752	814288753846087680
2431208551	814288753846087680
859221617767063553	814288753846087680
2174322548	814288753846087680
832042510872633344	814288753846087680
813566254409773057	814288753846087680
2892351538	814288753846087680
832289637443842048	814288753846087680
893280014	814288753846087680
864125589547962369	814288753846087680
780175298876674048	814288753846087680
867151517941325824	814288753846087680
867455789623128065	814288753846087680
866305370196783104	814288753846087680
867443436802244608	814288753846087680
308531644	814288753846087680
727568908878786561	814288753846087680
866106935598342144	814288753846087680
859141036366598147	814288753846087680
861615369785556992	814288753846087680
715234095207284737	814288753846087680
3004812808	814288753846087680
834889247115120641	814288753846087680
834918466461159424	814288753846087680
866422166144917506	814288753846087680
1247910530	814288753846087680
712209192765894656	814288753846087680
852617646025592832	814288753846087680
817101659809648645	814288753846087680
735446415296471041	814288753846087680
841241739419561984	814288753846087680
797189512464044032	814288753846087680
867262164255375361	814288753846087680
866912279844999169	814288753846087680
866843503745282049	814288753846087680
861378224126922756	814288753846087680
853384326528086017	814288753846087680
867230068392812544	814288753846087680
800466397360816128	814288753846087680
821813650407071750	814288753846087680
858002932335300609	814288753846087680
851477169998057472	814288753846087680
867213339063066624	814288753846087680
867195610532917248	814288753846087680
866738657721540609	814288753846087680
805251845853761536	814288753846087680
866420486611324936	814288753846087680
863230775721955328	814288753846087680
365785052	814288753846087680
862851529484750850	814288753846087680
867172239015366657	814288753846087680
840608874788970497	814288753846087680
4868081975	814288753846087680
866750333388718083	814288753846087680
860378872180686848	814288753846087680
867144747193958401	814288753846087680
832477362021289985	814288753846087680
867136711654088706	814288753846087680
847629158100254721	814288753846087680
859117412855275521	814288753846087680
848777166246494208	814288753846087680
865694259608989696	814288753846087680
866432869241163776	814288753846087680
867103221084454912	814288753846087680
864206961532948482	814288753846087680
866777403317768198	814288753846087680
813271566322573313	814288753846087680
867053447148974081	814288753846087680
867091796408492032	814288753846087680
863448277144018945	814288753846087680
764301373529731072	814288753846087680
850115376390299649	814288753846087680
852737278979985408	814288753846087680
867030543577227265	814288753846087680
866245285667782656	814288753846087680
863210714676117504	814288753846087680
856693767394312192	814288753846087680
866861290135969792	814288753846087680
857219989027160064	814288753846087680
864979587960373249	814288753846087680
859082643744346116	814288753846087680
866967870135091200	814288753846087680
858068955210149888	814288753846087680
802907426848587776	814288753846087680
3271960248	814288753846087680
844423106	814288753846087680
1617346399	814288753846087680
866859069306535936	814288753846087680
829586745880563713	814288753846087680
854691515817271296	814288753846087680
866424407144579072	814288753846087680
533886239	814288753846087680
866372366686986240	814288753846087680
866869188429832198	814288753846087680
3084905890	814288753846087680
758501756917649408	814288753846087680
861878826686529536	814288753846087680
866857829512208388	814288753846087680
863961993153216513	814288753846087680
866840289616506880	814288753846087680
618510476	814288753846087680
866506728405426177	814288753846087680
4174871458	814288753846087680
858533474969546753	814288753846087680
4531200748	814288753846087680
866772847645118466	814288753846087680
859071889020506112	814288753846087680
861371164542763008	814288753846087680
866800232302071808	814288753846087680
866799523418574848	814288753846087680
866470850287067138	814288753846087680
866793288505991168	814288753846087680
2925997733	814288753846087680
866769396139687936	814288753846087680
860271191747121154	814288753846087680
43536990	814288753846087680
866403214505193472	814288753846087680
866757965491171328	814288753846087680
2279316962	814288753846087680
799150164527185920	814288753846087680
866740753002893312	814288753846087680
860748732056444928	814288753846087680
288271188	814288753846087680
866729913214226432	814288753846087680
814610905833111552	814288753846087680
866702901087010817	814288753846087680
832651019628580865	814288753846087680
841002533296451587	814288753846087680
866485376994725888	814288753846087680
1318439292	814288753846087680
866588660329725952	814288753846087680
858740270153834496	814288753846087680
851292532424265728	814288753846087680
2565801436	814288753846087680
862650190469054465	814288753846087680
866647007221428229	814288753846087680
860602549828820992	814288753846087680
866663127731101696	814288753846087680
781146806977638402	814288753846087680
860266678638215169	814288753846087680
852967770266456066	814288753846087680
866416673531641857	814288753846087680
859110608616148992	814288753846087680
1528952442	814288753846087680
865590633360220160	814288753846087680
863872977288527884	814288753846087680
817452823046557697	814288753846087680
3085158875	814288753846087680
766740725723693057	814288753846087680
866478973538140165	814288753846087680
866627142389559298	814288753846087680
859402171212861441	814288753846087680
866621463004143616	814288753846087680
866088440193875968	814288753846087680
2549366248	814288753846087680
859756211993944064	814288753846087680
865581684179091456	814288753846087680
866500553831890944	814288753846087680
866552571519000577	814288753846087680
188555173	814288753846087680
3434181280	814288753846087680
786221336586653697	814288753846087680
865841612416466944	814288753846087680
711662901073977344	814288753846087680
866502569711071232	814288753846087680
1041303726	814288753846087680
465195272	814288753846087680
866495337946415104	814288753846087680
4660680208	814288753846087680
736248996595929088	814288753846087680
866499921280589829	814288753846087680
866231187966013440	814288753846087680
706541305967599616	814288753846087680
758165067397525504	814288753846087680
2864801098	814288753846087680
866254822768394240	814288753846087680
866491512615563267	814288753846087680
857661010756370432	814288753846087680
814288753846087680	780175298876674048
814288753846087680	893280014
814288753846087680	2892351538
814288753846087680	866843503745282049
814288753846087680	866912279844999169
814288753846087680	735446415296471041
814288753846087680	817101659809648645
814288753846087680	712209192765894656
814288753846087680	834918466461159424
814288753846087680	3004812808
814288753846087680	715234095207284737
814288753846087680	861615369785556992
814288753846087680	859141036366598147
814288753846087680	727568908878786561
814288753846087680	308531644
814288753846087680	705794030655795200
814288753846087680	2949853851
814288753846087680	797189512464044032
814288753846087680	800466397360816128
814288753846087680	840608874788970497
814288753846087680	821813650407071750
814288753846087680	805251845853761536
814288753846087680	864979587960373249
814288753846087680	856693767394312192
814288753846087680	852737278979985408
814288753846087680	850115376390299649
814288753846087680	813271566322573313
814288753846087680	3271960248
814288753846087680	758501756917649408
814288753846087680	533886239
814288753846087680	854691515817271296
814288753846087680	1617346399
814288753846087680	844423106
814288753846087680	3084905890
814288753846087680	2925997733
814288753846087680	618510476
814288753846087680	858533474969546753
814288753846087680	4174871458
814288753846087680	866811718118363136
814288753846087680	4531200748
814288753846087680	860271191747121154
814288753846087680	2549366248
814288753846087680	719021935863197696
814288753846087680	860266678638215169
814288753846087680	781146806977638402
814288753846087680	2565801436
814288753846087680	851292532424265728
814288753846087680	866588660329725952
814288753846087680	1318439292
814288753846087680	736768498219810816
814288753846087680	288271188
814288753846087680	860748732056444928
814288753846087680	2279316962
814288753846087680	43536990
814288753846087680	706541305967599616
814288753846087680	4660680208
814288753846087680	1041303726
814288753846087680	711662901073977344
814288753846087680	865841612416466944
814288753846087680	3434181280
814288753846087680	188555173
814288753846087680	465195272
814288753846087680	866231187966013440
814288753846087680	736248996595929088
814288753846087680	758165067397525504
814288753846087680	734200463088717824
814288753846087680	862460794444935169
814288753846087680	792859897360703493
814288753846087680	858723476202541057
814288753846087680	857051232753651713
814288753846087680	866092392365129729
814288753846087680	4448590213
814288753846087680	859162692665454592
814288753846087680	1064124828
814288753846087680	392252478
814288753846087680	714539940
814288753846087680	864311228604178432
814288753846087680	739998497525628928
814288753846087680	917948474
814288753846087680	859710168971464705
814288753846087680	814532042406903808
814288753846087680	178725668
814288753846087680	1447665026
814288753846087680	3257167512
814288753846087680	1639280659
814288753846087680	3356715687
814288753846087680	859041086999756801
814288753846087680	832411327154917376
814288753846087680	848172353456615425
814288753846087680	826590446738632704
814288753846087680	4790781315
814288753846087680	772540940888186880
814288753846087680	713545481671073792
814288753846087680	799669901501734912
814288753846087680	700828891984691200
814288753846087680	769954545543749632
814288753846087680	3008143599
814288753846087680	866054469812838400
814288753846087680	766723477881716736
814288753846087680	865371471824261120
814288753846087680	4297146505
814288753846087680	860233777603379200
814288753846087680	820429450072485890
814288753846087680	861012972897878020
814288753846087680	3243241704
814288753846087680	234642878
814288753846087680	2950665267
814288753846087680	861102467005636608
814288753846087680	811099177300148224
814288753846087680	4057194974
814288753846087680	854330740045107200
814288753846087680	816409906009907200
814288753846087680	865963141007646721
814288753846087680	864820741295951872
814288753846087680	860284313388101634
814288753846087680	788753702177865728
814288753846087680	2671422816
814288753846087680	744658794362310657
814288753846087680	826543603627356160
814288753846087680	824797944209690624
814288753846087680	844255555321585665
814288753846087680	760852062540357632
814288753846087680	3146659625
814288753846087680	861961454190116868
814288753846087680	4520647163
814288753846087680	2918934802
814288753846087680	754466645058260992
814288753846087680	856350375338799104
814288753846087680	860666854745841664
814288753846087680	2557732837
814288753846087680	757613327585538048
814288753846087680	776713945
814288753846087680	834507188332793856
814288753846087680	860309090010107904
814288753846087680	370144710
814288753846087680	548637817
814288753846087680	2922017417
814288753846087680	849043745379151873
814288753846087680	861371670602371072
814288753846087680	4473446000
814288753846087680	810532047173390336
814288753846087680	377554470
814288753846087680	797284563386929152
814288753846087680	859868775100940289
814288753846087680	856730205041311744
814288753846087680	860981296188858369
814288753846087680	850691889422639104
814288753846087680	863798650333540352
814288753846087680	839917160185151488
814288753846087680	79160642
814288753846087680	852523084774912003
814288753846087680	865795888999878656
814288753846087680	2230492202
814288753846087680	303884335
814288753846087680	1066935902
814288753846087680	795126394179244037
814288753846087680	387367947
814288753846087680	2364290112
814288753846087680	860923013948211202
814288753846087680	861788660127199232
814288753846087680	824694489541464068
814288753846087680	792592307988168704
814288753846087680	2353636874
814288753846087680	726142087440138240
814288753846087680	3240452395
814288753846087680	859202736985825280
814288753846087680	864874257590910977
814288753846087680	3918570020
814288753846087680	838497108500021251
814288753846087680	861279651921932288
814288753846087680	861630713036230658
814288753846087680	845381129624440833
814288753846087680	269924995
814288753846087680	864088966752071681
814288753846087680	861795567701065730
814288753846087680	865438044400230400
814288753846087680	865606425875144704
814288753846087680	782974039413391360
814288753846087680	864676560003051520
814288753846087680	860811219350863873
814288753846087680	825318838484889600
814288753846087680	766407659318833152
814288753846087680	2256226549
814288753846087680	3035826855
814288753846087680	3875517821
814288753846087680	800519569836101632
814288753846087680	3769439899
814288753846087680	772918855576514560
814288753846087680	2877235988
814288753846087680	864659562867159040
814288753846087680	800720566042783744
814288753846087680	463154299
814288753846087680	860951173729312770
814288753846087680	828513577376022528
814288753846087680	3185090467
814288753846087680	859080858283765760
814288753846087680	3036794971
814288753846087680	4342925254
814288753846087680	157218925
814288753846087680	782109446839279616
