1400702990	820814824233988097
2721649046	820814824233988097
3028704353	820814824233988097
865751415666421760	820814824233988097
601704790	820814824233988097
1425436170	820814824233988097
426907466	820814824233988097
270945995	820814824233988097
820708988480274441	820814824233988097
853248091	820814824233988097
2389701971	820814824233988097
858727063636901890	820814824233988097
761417156273790976	820814824233988097
3229959931	820814824233988097
760931839531950080	820814824233988097
2786570467	820814824233988097
3116613083	820814824233988097
2283164130	820814824233988097
853381268670644224	820814824233988097
3256102993	820814824233988097
777108996075450368	820814824233988097
791338060281683968	820814824233988097
824293931366121473	820814824233988097
845381609805271042	820814824233988097
866785263632232449	820814824233988097
1532477281	820814824233988097
850151887106134018	820814824233988097
832378372827316227	820814824233988097
2842897231	820814824233988097
1331639858	820814824233988097
733570705397153792	820814824233988097
778664123248807936	820814824233988097
768894032818868224	820814824233988097
802752933096030208	820814824233988097
49968370	820814824233988097
768999690482356224	820814824233988097
811471256717586432	820814824233988097
857760271665942528	820814824233988097
761727872805511172	820814824233988097
1829271673	820814824233988097
221407362	820814824233988097
704587277431869440	820814824233988097
4156656502	820814824233988097
3327309217	820814824233988097
860082898615095297	820814824233988097
840962819998769152	820814824233988097
2229610621	820814824233988097
3251490138	820814824233988097
822454576737611776	820814824233988097
855843264431362049	820814824233988097
709410236088651776	820814824233988097
837254382559379456	820814824233988097
747177353839788032	820814824233988097
701657796	820814824233988097
753747646095978496	820814824233988097
386678085	820814824233988097
2568530456	820814824233988097
805138517277966336	820814824233988097
843082674	820814824233988097
841505072831971333	820814824233988097
4706326365	820814824233988097
2847742405	820814824233988097
860952800649502720	820814824233988097
446409061	820814824233988097
2590276015	820814824233988097
847054072469508096	820814824233988097
1551936811	820814824233988097
1689101275	820814824233988097
860076276467499008	820814824233988097
848975937651830787	820814824233988097
856207586680590338	820814824233988097
1111327903	820814824233988097
861181772033347584	820814824233988097
829070067593682946	820814824233988097
455821152	820814824233988097
865579942951755781	820814824233988097
788031863294222337	820814824233988097
767094619779858433	820814824233988097
805994010326237185	820814824233988097
2213304075	820814824233988097
796793431427284993	820814824233988097
2196867292	820814824233988097
1405546867	820814824233988097
855338165477019649	820814824233988097
2900616216	820814824233988097
3254807186	820814824233988097
3187427520	820814824233988097
295431197	820814824233988097
811833674253602816	820814824233988097
730233659203174401	820814824233988097
3253436059	820814824233988097
863431191344623616	820814824233988097
816285527313883136	820814824233988097
839786295522099200	820814824233988097
2265134308	820814824233988097
817347542224633857	820814824233988097
855777446506921986	820814824233988097
2461030217	820814824233988097
847388566476922881	820814824233988097
713706091759202305	820814824233988097
2188926508	820814824233988097
859071254254505987	820814824233988097
804477492081913858	820814824233988097
894710359	820814824233988097
777694961726812160	820814824233988097
758631525785239552	820814824233988097
727669920167821313	820814824233988097
3303564803	820814824233988097
864505555683069952	820814824233988097
865252583346188288	820814824233988097
717518832257134592	820814824233988097
865867052099174401	820814824233988097
758311146294214656	820814824233988097
2488139125	820814824233988097
834298305752473600	820814824233988097
4314082763	820814824233988097
791127960120164354	820814824233988097
756263948094205952	820814824233988097
799325576788135937	820814824233988097
523192373	820814824233988097
553994427	820814824233988097
801925152523059200	820814824233988097
2778790669	820814824233988097
844968432533680132	820814824233988097
728095108537536512	820814824233988097
222377235	820814824233988097
841846471834116096	820814824233988097
1697683680	820814824233988097
1439684042	820814824233988097
2468793774	820814824233988097
944664554	820814824233988097
864660566392135680	820814824233988097
852116377569812480	820814824233988097
817913805808300033	820814824233988097
798873179863347200	820814824233988097
696059787298136066	820814824233988097
1321770180	820814824233988097
2477324442	820814824233988097
243742885	820814824233988097
863656048682512387	820814824233988097
4068470601	820814824233988097
591746664	820814824233988097
2609048258	820814824233988097
863243466507255808	820814824233988097
833346681391476736	820814824233988097
195269999	820814824233988097
766640717003366400	820814824233988097
755772465725448192	820814824233988097
3139281258	820814824233988097
2722478347	820814824233988097
278381672	820814824233988097
856736904489951232	820814824233988097
624119923	820814824233988097
851810088654442496	820814824233988097
808604996837244929	820814824233988097
3570051397	820814824233988097
2299201696	820814824233988097
860456956229824512	820814824233988097
763425937270665218	820814824233988097
807690534697504772	820814824233988097
1623323936	820814824233988097
2257049428	820814824233988097
2455943559	820814824233988097
4041896241	820814824233988097
2254986064	820814824233988097
2824164782	820814824233988097
2812599607	820814824233988097
843965411989381123	820814824233988097
3281014573	820814824233988097
753024570	820814824233988097
864600364074577920	820814824233988097
282503746	820814824233988097
489923779	820814824233988097
865101188	820814824233988097
462275151	820814824233988097
1478790643	820814824233988097
481468718	820814824233988097
852578403106660356	820814824233988097
3064909826	820814824233988097
713145842018811904	820814824233988097
788759861819506689	820814824233988097
136574227	820814824233988097
837444917177765888	820814824233988097
823070432932798464	820814824233988097
133688045	820814824233988097
782631410389528577	820814824233988097
854680622840918018	820814824233988097
128401169	820814824233988097
780908489262628864	820814824233988097
4795323764	820814824233988097
792019132275392512	820814824233988097
860809499933892608	820814824233988097
812987501765947392	820814824233988097
806932916114702337	820814824233988097
786052111889010689	820814824233988097
3281504730	820814824233988097
2183170955	820814824233988097
1373094410	820814824233988097
828674049303797760	820814824233988097
835513350486429698	820814824233988097
820814824233988097	3266858660
820814824233988097	753049979774722048
820814824233988097	2794968182
820814824233988097	788722107635077120
820814824233988097	759863390659424257
820814824233988097	760654244
820814824233988097	743167687363276801
820814824233988097	2984092400
820814824233988097	783168493172756480
820814824233988097	785212036787609600
820814824233988097	795805884341424128
820814824233988097	792845977568903168
820814824233988097	792117751796097024
820814824233988097	1444301954
820814824233988097	753708783424118784
820814824233988097	925504722
820814824233988097	793683636650401793
820814824233988097	732112846394396672
820814824233988097	732746340644618240
820814824233988097	797821874642255872
820814824233988097	4813770581
820814824233988097	796079861689368580
820814824233988097	817303600686858240
820814824233988097	773647881421131776
820814824233988097	601704790
820814824233988097	304498515
820814824233988097	917577030
820814824233988097	810121861858291712
820814824233988097	709791543
820814824233988097	4671854510
820814824233988097	819712701597421569
820814824233988097	768003229972127744
820814824233988097	4895444086
820814824233988097	807378924925755392
820814824233988097	823570824481402884
820814824233988097	820968625376989184
820814824233988097	706202851194871808
820814824233988097	761084778011504640
820814824233988097	831121238844198913
820814824233988097	701024791327875072
820814824233988097	715515957163266048
820814824233988097	808657259354083328
820814824233988097	1272174714
820814824233988097	1342125631
820814824233988097	792946205055524864
820814824233988097	834392110065451009
820814824233988097	832881565063639040
820814824233988097	810031946717949956
820814824233988097	836257742310494211
820814824233988097	829455205980844033
820814824233988097	839195370722820096
820814824233988097	819293692821389316
820814824233988097	844782058345947136
820814824233988097	708627178569777152
820814824233988097	829791644379598848
820814824233988097	849611204385533952
820814824233988097	848646860969529344
820814824233988097	4872833589
820814824233988097	415909621
820814824233988097	856546971968032769
820814824233988097	856206696506695691
820814824233988097	837581705372446720
820814824233988097	854869621190438912
820814824233988097	301588277
820814824233988097	1065136218
820814824233988097	834377675707920384
820814824233988097	4709688792
820814824233988097	1262718265
820814824233988097	3130022396
820814824233988097	860048261717135360
820814824233988097	707550734334730240
820814824233988097	1633393034
820814824233988097	820708988480274441
820814824233988097	743014985748602881
820814824233988097	2796109663
820814824233988097	3028704353
820814824233988097	1414587301
820814824233988097	4289789578
820814824233988097	4867259915
820814824233988097	2722605174
820814824233988097	835166318903103490
820814824233988097	724166133931225088
820814824233988097	966062485
820814824233988097	757535537393704960
820814824233988097	553720731
820814824233988097	224957321
820814824233988097	700446317970124800
820814824233988097	727829007115419649
820814824233988097	1477826684
820814824233988097	1390009806
820814824233988097	763405236924973056
820814824233988097	2804077584
820814824233988097	742012539161194496
820814824233988097	712340079738540032
820814824233988097	2902897007
820814824233988097	2475529147
820814824233988097	4321185334
820814824233988097	3297259236
820814824233988097	2792171322
820814824233988097	2378737490
820814824233988097	603818083
820814824233988097	771442160063356929
820814824233988097	854613894865850369
820814824233988097	777893113352298496
820814824233988097	2475260179
820814824233988097	773690659
820814824233988097	2478436651
820814824233988097	3260191177
820814824233988097	2390873090
820814824233988097	3259458745
820814824233988097	799023189418528770
820814824233988097	1157685804
820814824233988097	1410128498
820814824233988097	149069040
820814824233988097	793388506265554944
820814824233988097	722149050502549505
820814824233988097	438644211
820814824233988097	544905722
820814824233988097	531300757
820814824233988097	772156112552521728
820814824233988097	815647115816960001
820814824233988097	733534124619665408
820814824233988097	513036875
820814824233988097	4691306743
820814824233988097	520338184
820814824233988097	727257612786491392
820814824233988097	739115761810165760
820814824233988097	1581298280
820814824233988097	780489516033437696
820814824233988097	820403906568159232
820814824233988097	788869749748928520
820814824233988097	1523594844
820814824233988097	2419314859
820814824233988097	2634561008
820814824233988097	614531932
820814824233988097	2646947138
820814824233988097	2627849070
820814824233988097	2249121865
820814824233988097	2549603701
820814824233988097	2552755946
820814824233988097	2719466473
820814824233988097	376855761
820814824233988097	2664650137
820814824233988097	2429734953
820814824233988097	742278312
820814824233988097	1122760507
820814824233988097	2543907907
820814824233988097	2820485822
820814824233988097	2591891875
820814824233988097	2799238448
820814824233988097	341001995
820814824233988097	2535714492
820814824233988097	2772477116
820814824233988097	2922810393
820814824233988097	2929032044
820814824233988097	2926906879
820814824233988097	2913633318
820814824233988097	1620334351
820814824233988097	315253935
820814824233988097	2902942700
820814824233988097	2329404106
820814824233988097	2997340218
820814824233988097	2482442005
820814824233988097	2975154901
820814824233988097	2978300742
820814824233988097	2946620064
820814824233988097	2930226871
820814824233988097	2777051965
820814824233988097	2941310282
820814824233988097	2929384662
820814824233988097	1717294076
820814824233988097	3039188779
820814824233988097	3005183772
820814824233988097	3026426546
820814824233988097	3020665838
820814824233988097	3017017829
820814824233988097	3128064391
820814824233988097	3121430138
820814824233988097	3146555968
820814824233988097	3138833706
820814824233988097	1581031141
820814824233988097	3124155995
820814824233988097	3010609170
820814824233988097	3108710084
820814824233988097	3289450522
820814824233988097	3197321185
820814824233988097	3191047466
820814824233988097	3029010261
820814824233988097	2341542351
820814824233988097	3189202804
820814824233988097	3251902735
820814824233988097	2317412350
820814824233988097	738962802
820814824233988097	3046169071
820814824233988097	3145081759
820814824233988097	3192043290
820814824233988097	4220784849
820814824233988097	4207083993
820814824233988097	4120658775
820814824233988097	3819780853
