3430015456	821112849690927104
842328774	821112849690927104
836452248829984770	821112849690927104
28723372	821112849690927104
861707507219222528	821112849690927104
3124379603	821112849690927104
866251870821433345	821112849690927104
860863675955003392	821112849690927104
844746028779737090	821112849690927104
859579642658906112	821112849690927104
380604933	821112849690927104
862693274942930944	821112849690927104
861501262839328769	821112849690927104
836788667968602116	821112849690927104
811634308549058560	821112849690927104
860937159368429569	821112849690927104
728791546418626564	821112849690927104
841000225523281922	821112849690927104
860212307389030400	821112849690927104
859875570351517698	821112849690927104
839502139491827713	821112849690927104
772308812111806464	821112849690927104
708091993759588352	821112849690927104
859181267480440836	821112849690927104
859093752295632897	821112849690927104
841376871510097920	821112849690927104
757121174329524224	821112849690927104
53585111	821112849690927104
851419486330785794	821112849690927104
794922973773828096	821112849690927104
855781041717596161	821112849690927104
780160993464909824	821112849690927104
147353581	821112849690927104
784204320623296513	821112849690927104
1222826209	821112849690927104
27130565	821112849690927104
488673896	821112849690927104
854832494381760512	821112849690927104
845816110347960321	821112849690927104
854777003664388096	821112849690927104
502180181	821112849690927104
800824404557099009	821112849690927104
246086379	821112849690927104
854048675743531010	821112849690927104
853358422854692864	821112849690927104
820991256373370880	821112849690927104
852703340286717954	821112849690927104
852254589881647105	821112849690927104
847497959986012161	821112849690927104
751951174618742785	821112849690927104
780083652164136960	821112849690927104
851876275526529024	821112849690927104
847651707232309249	821112849690927104
851659055344963590	821112849690927104
851303194986651648	821112849690927104
116853613	821112849690927104
2521483346	821112849690927104
75005987	821112849690927104
820362097158541312	821112849690927104
3289368413	821112849690927104
2996421667	821112849690927104
849408297266446337	821112849690927104
849057790697943040	821112849690927104
1367180522	821112849690927104
826760210257678337	821112849690927104
838266487810961409	821112849690927104
847976925125636096	821112849690927104
802740360896270336	821112849690927104
4876809178	821112849690927104
847586004865122304	821112849690927104
782271893151756288	821112849690927104
312936923	821112849690927104
610229227	821112849690927104
846136998108839936	821112849690927104
846115831364943872	821112849690927104
755762601821409280	821112849690927104
845888942591365125	821112849690927104
845819610687528961	821112849690927104
834144081513160706	821112849690927104
845058916945969152	821112849690927104
3192449074	821112849690927104
825747478381223936	821112849690927104
830123601730949121	821112849690927104
160744517	821112849690927104
2556720838	821112849690927104
838795952848797696	821112849690927104
718174433626701826	821112849690927104
844564925368406017	821112849690927104
832383319954358272	821112849690927104
749059836839682048	821112849690927104
1691990058	821112849690927104
2954328246	821112849690927104
842895528077725697	821112849690927104
842556297845313539	821112849690927104
325247983	821112849690927104
2875623753	821112849690927104
2974010290	821112849690927104
842431021106642949	821112849690927104
704420629806784514	821112849690927104
842392802860363776	821112849690927104
4411805415	821112849690927104
2755425855	821112849690927104
777563253077598208	821112849690927104
832563439780429825	821112849690927104
752576266465734658	821112849690927104
764894360672604164	821112849690927104
840757704067014656	821112849690927104
767464824452239360	821112849690927104
831312876497465344	821112849690927104
788211860873023488	821112849690927104
2579523258	821112849690927104
817174795867590658	821112849690927104
3391408749	821112849690927104
3359438866	821112849690927104
840751094976401408	821112849690927104
1132736016	821112849690927104
726815082034790400	821112849690927104
811270212284772352	821112849690927104
3325832728	821112849690927104
820442347775414272	821112849690927104
845830873	821112849690927104
773321093792825344	821112849690927104
814137876552224768	821112849690927104
813550418018111489	821112849690927104
841373053116334080	821112849690927104
840801691217752066	821112849690927104
841111099160301570	821112849690927104
841090314744004608	821112849690927104
403759395	821112849690927104
840673846210514944	821112849690927104
2193107149	821112849690927104
1855732825	821112849690927104
810333311792975872	821112849690927104
729030623386472448	821112849690927104
821707318958182402	821112849690927104
2432019892	821112849690927104
2967219963	821112849690927104
731116298881531908	821112849690927104
840078113195220992	821112849690927104
827935058568818688	821112849690927104
229584454	821112849690927104
485669344	821112849690927104
1864044218	821112849690927104
3225096729	821112849690927104
2992803344	821112849690927104
1684442773	821112849690927104
804795190452060160	821112849690927104
839344958909874177	821112849690927104
796536863918059522	821112849690927104
757326763340861440	821112849690927104
131363765	821112849690927104
3407459081	821112849690927104
804557650524454912	821112849690927104
730944263039664128	821112849690927104
827180752777388032	821112849690927104
4836875493	821112849690927104
153946301	821112849690927104
773314566554083328	821112849690927104
373553679	821112849690927104
840617106777464832	821112849690927104
780941063930478592	821112849690927104
703067968624828416	821112849690927104
800185693313998849	821112849690927104
2265314712	821112849690927104
1152341665	821112849690927104
3394827209	821112849690927104
936126949	821112849690927104
488627477	821112849690927104
4280043388	821112849690927104
814288753846087680	821112849690927104
459022851	821112849690927104
2267703686	821112849690927104
2853552804	821112849690927104
832378725333336064	821112849690927104
824353433167810621	821112849690927104
3414268240	821112849690927104
1380464383	821112849690927104
776150247097663488	821112849690927104
825141120	821112849690927104
727560422539313154	821112849690927104
835679419490447360	821112849690927104
788630043140423681	821112849690927104
826212409161441280	821112849690927104
783796224847704065	821112849690927104
2819835335	821112849690927104
4907794683	821112849690927104
803361918023061504	821112849690927104
815909124214927360	821112849690927104
834585139761930240	821112849690927104
825186461230235654	821112849690927104
826171604862316544	821112849690927104
2978631513	821112849690927104
748300332153765888	821112849690927104
4664692573	821112849690927104
799424016696168448	821112849690927104
770305635204280320	821112849690927104
245990928	821112849690927104
697906448592990210	821112849690927104
814299755157291009	821112849690927104
820117327765245952	821112849690927104
821112849690927104	34507480
821112849690927104	9112712
821112849690927104	278662460
821112849690927104	1007298607
821112849690927104	859109227637477376
821112849690927104	968954263
821112849690927104	274272590
821112849690927104	606954825
821112849690927104	110077140
821112849690927104	116853613
821112849690927104	757060992530612225
821112849690927104	147353581
821112849690927104	841000225523281922
821112849690927104	21447363
821112849690927104	15846407
821112849690927104	19397785
821112849690927104	409486555
821112849690927104	770429586190508036
821112849690927104	728791546418626564
821112849690927104	211685802
821112849690927104	132094766
821112849690927104	246086379
821112849690927104	1460842158
821112849690927104	1391080153
821112849690927104	1187054144
821112849690927104	1862607446
821112849690927104	2620971789
821112849690927104	104879071
821112849690927104	2671429518
821112849690927104	783720568415719424
821112849690927104	748985143239532545
821112849690927104	2960272114
821112849690927104	787285807002480640
821112849690927104	847497959986012161
821112849690927104	783855390706499584
821112849690927104	488673896
821112849690927104	820991256373370880
821112849690927104	829218611281723392
821112849690927104	780083652164136960
821112849690927104	741405447358455809
821112849690927104	757345510541766660
821112849690927104	1481022235
821112849690927104	751951174618742785
821112849690927104	749989294060761088
821112849690927104	278748004
821112849690927104	157730934
821112849690927104	751205767097843712
821112849690927104	4531287801
821112849690927104	701168668621803520
821112849690927104	843258930449055748
821112849690927104	3314485566
821112849690927104	52661072
821112849690927104	826820797713022977
821112849690927104	818496085081595905
821112849690927104	833836381336113154
821112849690927104	799665251947974656
821112849690927104	2793278945
821112849690927104	1317228044
821112849690927104	2348590070
821112849690927104	2780855899
821112849690927104	2467992500
821112849690927104	826760210257678337
821112849690927104	805556172325584896
821112849690927104	806535574081404928
821112849690927104	2591110475
821112849690927104	2354028950
821112849690927104	1367180522
821112849690927104	802740360896270336
821112849690927104	781988934
821112849690927104	45709328
821112849690927104	701607056
821112849690927104	166739404
821112849690927104	1564177926
821112849690927104	546423249
821112849690927104	3095196879
821112849690927104	160744517
821112849690927104	46116615
821112849690927104	63816907
821112849690927104	838795952848797696
821112849690927104	185419314
821112849690927104	821359210457923585
821112849690927104	718174433626701826
821112849690927104	337110556
821112849690927104	816747521716457472
821112849690927104	2522126634
821112849690927104	264107729
821112849690927104	4698488551
821112849690927104	2457730010
821112849690927104	2273313906
821112849690927104	1691990058
821112849690927104	325247983
821112849690927104	178914416
821112849690927104	2239991942
821112849690927104	2974010290
821112849690927104	813550418018111489
821112849690927104	2710588033
821112849690927104	4411805415
821112849690927104	50460475
821112849690927104	842392802860363776
821112849690927104	831232547942174720
821112849690927104	1291908546
821112849690927104	732033317286125569
821112849690927104	832563439780429825
821112849690927104	239237974
821112849690927104	814144098559033348
821112849690927104	752576266465734658
821112849690927104	776171746982526977
821112849690927104	785091123459022848
821112849690927104	4894739376
821112849690927104	769757420209971200
821112849690927104	752207455052980224
821112849690927104	2556720838
821112849690927104	829000762856398848
821112849690927104	1457068196
821112849690927104	764894360672604164
821112849690927104	829379834220572673
821112849690927104	3862448428
821112849690927104	751998618601529344
821112849690927104	4921042713
821112849690927104	4035379520
821112849690927104	822597553350918144
821112849690927104	4204615642
821112849690927104	834207965368479745
821112849690927104	818116945438502915
821112849690927104	805477985574879232
821112849690927104	777270198684553218
821112849690927104	794035780414865408
821112849690927104	840922346466758656
821112849690927104	781685482396717056
821112849690927104	803078345369874432
821112849690927104	765001864010235904
821112849690927104	2755425855
821112849690927104	3077976661
821112849690927104	814202373384130561
821112849690927104	832687330888601600
821112849690927104	827403303541567490
821112849690927104	777563253077598208
821112849690927104	840757704067014656
821112849690927104	767464824452239360
821112849690927104	3192449074
821112849690927104	831312876497465344
821112849690927104	1132736016
821112849690927104	726815082034790400
821112849690927104	2830571034
821112849690927104	832449845461925888
821112849690927104	3359438866
821112849690927104	1112625769
821112849690927104	833156015294144514
821112849690927104	2876530265
821112849690927104	3124379603
821112849690927104	253857079
821112849690927104	2342463916
821112849690927104	382978789
821112849690927104	758326386100609024
821112849690927104	841111099160301570
821112849690927104	2330654384
821112849690927104	754403517532700673
821112849690927104	828277197404303361
821112849690927104	2281313556
821112849690927104	3000383465
821112849690927104	1126233600
821112849690927104	2420794640
821112849690927104	824353433167810621
821112849690927104	804557650524454912
821112849690927104	840078113195220992
821112849690927104	827935058568818688
821112849690927104	792466955043217409
821112849690927104	1855732825
821112849690927104	810333311792975872
821112849690927104	799040032539557890
821112849690927104	1375450490
821112849690927104	2193107149
821112849690927104	228145427
821112849690927104	789491604189044736
821112849690927104	821707318958182402
821112849690927104	2180924804
821112849690927104	2432019892
821112849690927104	2967219963
821112849690927104	816326313543921664
821112849690927104	362216867
821112849690927104	769781798134018049
821112849690927104	731116298881531908
821112849690927104	809524417785196545
821112849690927104	814294683753082880
821112849690927104	825413145220878336
821112849690927104	229584454
821112849690927104	1864044218
821112849690927104	840469007027322881
821112849690927104	1532478162
821112849690927104	4885309870
821112849690927104	741113492883668993
821112849690927104	804795190452060160
821112849690927104	778763273772470272
821112849690927104	839344958909874177
821112849690927104	4876809178
821112849690927104	3225096729
821112849690927104	1684442773
821112849690927104	832811152895676416
821112849690927104	786357735512166400
821112849690927104	3264613259
