823891320016175104	821366899304964098
1177246494	821366899304964098
3254779863	821366899304964098
1498343437	821366899304964098
794388368905932800	821366899304964098
858504239643070465	821366899304964098
858009406189039617	821366899304964098
857702653081640961	821366899304964098
1688455242	821366899304964098
856821418545303552	821366899304964098
820744669168566272	821366899304964098
1220459198	821366899304964098
1129410818	821366899304964098
850367207192264704	821366899304964098
846494401048268800	821366899304964098
708089813489065984	821366899304964098
4420440501	821366899304964098
65113103	821366899304964098
4828501829	821366899304964098
843735073857986560	821366899304964098
778552656143024128	821366899304964098
727489655193657344	821366899304964098
770482412073717762	821366899304964098
760651188341735424	821366899304964098
824205422794047488	821366899304964098
842788137806061569	821366899304964098
3153507261	821366899304964098
418692405	821366899304964098
839549046448607233	821366899304964098
837846007228559360	821366899304964098
1210345465	821366899304964098
747762078811889664	821366899304964098
2311218447	821366899304964098
1621483519	821366899304964098
4142087361	821366899304964098
759562636493221888	821366899304964098
4115184375	821366899304964098
785625405453639680	821366899304964098
835134365608869888	821366899304964098
380629265	821366899304964098
822843455894388737	821366899304964098
833090275539091457	821366899304964098
808774893567430657	821366899304964098
832322427195682816	821366899304964098
254684169	821366899304964098
4794716414	821366899304964098
3299698101	821366899304964098
828300185604341766	821366899304964098
763058627070529538	821366899304964098
785653279300718592	821366899304964098
4450031183	821366899304964098
1505765924	821366899304964098
3225652785	821366899304964098
3296840117	821366899304964098
4567553500	821366899304964098
826906945634316288	821366899304964098
3305698523	821366899304964098
3301258931	821366899304964098
819627249804709889	821366899304964098
824259790100660224	821366899304964098
824260791155249152	821366899304964098
823945609484890116	821366899304964098
827187407606923264	821366899304964098
4300931909	821366899304964098
826827986997538816	821366899304964098
779828102159560704	821366899304964098
826768172305018881	821366899304964098
823600590307676161	821366899304964098
715230726162104321	821366899304964098
807969058041761792	821366899304964098
755122002386714624	821366899304964098
825140279158198273	821366899304964098
360823213	821366899304964098
821314006103326720	821366899304964098
826066860365987842	821366899304964098
814648177945149440	821366899304964098
4530855263	821366899304964098
822962349070057472	821366899304964098
824438850302935040	821366899304964098
824003786343677952	821366899304964098
822965987221917696	821366899304964098
821018604703543297	821366899304964098
824260403999965184	821366899304964098
823628982503534593	821366899304964098
824029463960817674	821366899304964098
158904899	821366899304964098
160349240	821366899304964098
773243865201516544	821366899304964098
55314438	821366899304964098
4492304781	821366899304964098
824259751651475457	821366899304964098
3060087221	821366899304964098
823998504129490944	821366899304964098
823938284292280321	821366899304964098
824004501560557571	821366899304964098
823997444258140160	821366899304964098
822605037536940032	821366899304964098
712754209595211776	821366899304964098
819331763319279616	821366899304964098
818662323300732928	821366899304964098
3394716401	821366899304964098
821366899304964098	51813111
821366899304964098	3473989822
821366899304964098	855284259413610497
821366899304964098	850367207192264704
821366899304964098	895892744
821366899304964098	156831288
821366899304964098	1959518442
821366899304964098	3105269159
821366899304964098	2806992475
821366899304964098	3263277831
821366899304964098	2686126051
821366899304964098	724746959416889344
821366899304964098	3390254164
821366899304964098	483158087
821366899304964098	4847194839
821366899304964098	746153930338537473
821366899304964098	1587425316
821366899304964098	4602344421
821366899304964098	727489655193657344
821366899304964098	3198216893
821366899304964098	49318144
821366899304964098	382613598
821366899304964098	3380395402
821366899304964098	705763053023973376
821366899304964098	2244741320
821366899304964098	3013158351
821366899304964098	40370150
821366899304964098	3074500239
821366899304964098	2249847942
821366899304964098	2589930142
821366899304964098	3357503057
821366899304964098	3307353341
821366899304964098	4003416622
821366899304964098	3109395461
821366899304964098	1499934116
821366899304964098	4777477325
821366899304964098	4648179743
821366899304964098	838090047463260160
821366899304964098	707379948512800769
821366899304964098	4249453102
821366899304964098	717867441527848961
821366899304964098	705603537212985344
821366899304964098	3359819998
821366899304964098	720345672713695232
821366899304964098	764239031798562816
821366899304964098	3095370568
821366899304964098	730119289257234432
821366899304964098	560094498
821366899304964098	338447491
821366899304964098	4720176797
821366899304964098	2249183381
821366899304964098	4138107081
821366899304964098	418692405
821366899304964098	839549046448607233
821366899304964098	4745830095
821366899304964098	67323342
821366899304964098	61273076
821366899304964098	72101922
821366899304964098	199787189
821366899304964098	329094266
821366899304964098	588116105
821366899304964098	272480633
821366899304964098	708848779642982400
821366899304964098	761377161525755904
821366899304964098	769370935199723521
821366899304964098	589542674
821366899304964098	588561850
821366899304964098	4145268737
821366899304964098	27260086
821366899304964098	34507480
821366899304964098	835495918619226112
821366899304964098	3390809297
821366899304964098	10228272
821366899304964098	450874614
821366899304964098	2821379247
821366899304964098	989217458
821366899304964098	4217213422
821366899304964098	1226191100
821366899304964098	309156398
821366899304964098	1301761476
821366899304964098	317546115
821366899304964098	274224165
821366899304964098	229293663
821366899304964098	2781687239
821366899304964098	2392957785
821366899304964098	2974817152
821366899304964098	1616220416
821366899304964098	1610879395
821366899304964098	3016012385
821366899304964098	278300745
821366899304964098	2311218447
821366899304964098	2309938761
821366899304964098	322911367
821366899304964098	946025695
821366899304964098	2168769976
821366899304964098	3052541694
821366899304964098	2161949938
821366899304964098	2744643203
821366899304964098	2240003629
821366899304964098	1320429870
821366899304964098	781232616951414785
821366899304964098	4142087361
821366899304964098	2472785677
821366899304964098	2322694301
821366899304964098	1961078760
821366899304964098	480537028
821366899304964098	305192408
821366899304964098	14502789
821366899304964098	759562636493221888
821366899304964098	1363365108
821366899304964098	29797128
821366899304964098	17649097
821366899304964098	459654144
821366899304964098	824059109368532992
821366899304964098	41941859
821366899304964098	244084389
821366899304964098	90787515
821366899304964098	215038415
821366899304964098	701070469391380480
821366899304964098	2287443138
821366899304964098	963428359
821366899304964098	26348847
821366899304964098	18219976
821366899304964098	3363976881
821366899304964098	4115184375
821366899304964098	3050301983
821366899304964098	436360265
821366899304964098	2675603869
821366899304964098	2949715438
821366899304964098	3187153125
821366899304964098	710497429746028544
821366899304964098	3346548011
821366899304964098	3160309906
821366899304964098	3181078005
821366899304964098	2464743067
821366899304964098	3423331457
821366899304964098	366789768
821366899304964098	2815758431
821366899304964098	3464137095
821366899304964098	3372694930
821366899304964098	2386264897
821366899304964098	3687181402
821366899304964098	185477827
821366899304964098	3002459579
821366899304964098	1645843992
821366899304964098	762673056703737857
821366899304964098	706890750424965120
821366899304964098	2220765372
821366899304964098	4700788156
821366899304964098	2768701196
821366899304964098	1114463154
821366899304964098	719765355992887296
821366899304964098	717351698398855168
821366899304964098	3442096396
821366899304964098	724436536201216001
821366899304964098	2462668249
821366899304964098	790224978352414721
821366899304964098	794729086237163520
821366899304964098	3153507261
821366899304964098	835134365608869888
821366899304964098	2874625468
821366899304964098	2843933986
821366899304964098	714860704302505985
821366899304964098	3009965068
821366899304964098	2494272870
821366899304964098	626084809
821366899304964098	138495038
821366899304964098	2546648230
821366899304964098	897834930
821366899304964098	4389196942
821366899304964098	782636894475530240
821366899304964098	3299698101
821366899304964098	713148780544139264
821366899304964098	716419494361612288
821366899304964098	282312515
821366899304964098	767886353635897344
821366899304964098	3179699067
821366899304964098	3328649583
821366899304964098	721116104534450176
821366899304964098	1908764084
821366899304964098	3527567129
821366899304964098	294485766
821366899304964098	2355442920
821366899304964098	4687773182
821366899304964098	2443091087
821366899304964098	784567293284065280
821366899304964098	3365286700
821366899304964098	968587398
821366899304964098	216387646
821366899304964098	3029387115
821366899304964098	2988414959
821366899304964098	3040619411
821366899304964098	83474857
821366899304964098	452620629
821366899304964098	429269092
821366899304964098	420496144
821366899304964098	2965476474
821366899304964098	796853590866493440
821366899304964098	3301824575
821366899304964098	755604732480200704
