867599538139402240	821775950551674883
782771049582694400	821775950551674883
857042806094929921	821775950551674883
867578095758430208	821775950551674883
2746311697	821775950551674883
3364451049	821775950551674883
858951057509986304	821775950551674883
866328607043485697	821775950551674883
1021540681	821775950551674883
777197544	821775950551674883
867573363488804864	821775950551674883
866883150395396096	821775950551674883
848330205827616768	821775950551674883
867570566957600768	821775950551674883
866853796420431873	821775950551674883
822777443219931137	821775950551674883
726615569865154561	821775950551674883
922098343	821775950551674883
3349572651	821775950551674883
800450885616734208	821775950551674883
3003654041	821775950551674883
863964453204832256	821775950551674883
739540738136887296	821775950551674883
2308822890	821775950551674883
865783677736714240	821775950551674883
867540210007121920	821775950551674883
859091035577831429	821775950551674883
867541432940322817	821775950551674883
867401976476307456	821775950551674883
751393555248189440	821775950551674883
3128864977	821775950551674883
847899127312781313	821775950551674883
866037778819186688	821775950551674883
859725684259803136	821775950551674883
866474406712926208	821775950551674883
389682142	821775950551674883
1638458144	821775950551674883
867530247197138945	821775950551674883
846323330294657025	821775950551674883
866048278693064704	821775950551674883
866299047702913025	821775950551674883
867524700188151808	821775950551674883
595072270	821775950551674883
338013522	821775950551674883
1347505752	821775950551674883
2431208551	821775950551674883
1714258902	821775950551674883
859096687943589888	821775950551674883
2174322548	821775950551674883
126434587	821775950551674883
944634739	821775950551674883
364490730	821775950551674883
928386691	821775950551674883
854521006505037825	821775950551674883
2892351538	821775950551674883
3343359597	821775950551674883
859894782985949184	821775950551674883
968499631	821775950551674883
832289637443842048	821775950551674883
866022068550291457	821775950551674883
893280014	821775950551674883
867478816205279232	821775950551674883
23498697	821775950551674883
860886322881449985	821775950551674883
780175298876674048	821775950551674883
864335963585036289	821775950551674883
854714897246154752	821775950551674883
867455789623128065	821775950551674883
821180512597315584	821775950551674883
860898559801077760	821775950551674883
752677493992284161	821775950551674883
2391538267	821775950551674883
866106935598342144	821775950551674883
2272441716	821775950551674883
4907412697	821775950551674883
797211853390774272	821775950551674883
867219901219471360	821775950551674883
861615369785556992	821775950551674883
765525884405022720	821775950551674883
867399581222395904	821775950551674883
859656118603325443	821775950551674883
715234095207284737	821775950551674883
3004812808	821775950551674883
806990564738600961	821775950551674883
834889247115120641	821775950551674883
834912827446083589	821775950551674883
866422166144917506	821775950551674883
782963107660431360	821775950551674883
852617646025592832	821775950551674883
4540037686	821775950551674883
2952020218	821775950551674883
866860677822021633	821775950551674883
817101659809648645	821775950551674883
859838570479136768	821775950551674883
841241739419561984	821775950551674883
849097757352759298	821775950551674883
797189512464044032	821775950551674883
702266515756867584	821775950551674883
867172409513844736	821775950551674883
867262164255375361	821775950551674883
866912279844999169	821775950551674883
866843503745282049	821775950551674883
793135750762070021	821775950551674883
849906964389703680	821775950551674883
861378224126922756	821775950551674883
866026558691168258	821775950551674883
853384326528086017	821775950551674883
867230068392812544	821775950551674883
800466397360816128	821775950551674883
867229730231267328	821775950551674883
866088440193875968	821775950551674883
867222840940134400	821775950551674883
866556602601455617	821775950551674883
851477169998057472	821775950551674883
867213339063066624	821775950551674883
865532231510392834	821775950551674883
808647376080551936	821775950551674883
805251845853761536	821775950551674883
774935648264458240	821775950551674883
862703820018724865	821775950551674883
867101209810935808	821775950551674883
849447708146503680	821775950551674883
2559364473	821775950551674883
775530483144859648	821775950551674883
866738657721540609	821775950551674883
3996327963	821775950551674883
863230775721955328	821775950551674883
867151517941325824	821775950551674883
365785052	821775950551674883
866675282098388992	821775950551674883
2995100459	821775950551674883
866876093868814336	821775950551674883
2400741326	821775950551674883
820082669157490689	821775950551674883
4385553312	821775950551674883
867159880515432448	821775950551674883
866750333388718083	821775950551674883
860378872180686848	821775950551674883
808467194820628486	821775950551674883
867144747193958401	821775950551674883
825796789966102530	821775950551674883
276131102	821775950551674883
867145431968559104	821775950551674883
832477362021289985	821775950551674883
572713096	821775950551674883
823296277588967424	821775950551674883
867136711654088706	821775950551674883
773323931084320769	821775950551674883
858810497990180865	821775950551674883
859253152868126720	821775950551674883
817495248159014913	821775950551674883
859519828348067840	821775950551674883
859721148992430084	821775950551674883
855869394592952320	821775950551674883
772661383	821775950551674883
828614631811751936	821775950551674883
850512646197714944	821775950551674883
857368347557548032	821775950551674883
865694259608989696	821775950551674883
866432869241163776	821775950551674883
757419809969623041	821775950551674883
864206961532948482	821775950551674883
867053447148974081	821775950551674883
867091796408492032	821775950551674883
858956675985833984	821775950551674883
764301373529731072	821775950551674883
866777403317768198	821775950551674883
862902695157530624	821775950551674883
850115376390299649	821775950551674883
866457460168589314	821775950551674883
859610106903875584	821775950551674883
859081241794150400	821775950551674883
756924722563002368	821775950551674883
866245285667782656	821775950551674883
856693767394312192	821775950551674883
866861290135969792	821775950551674883
865621892618633217	821775950551674883
863421268963491841	821775950551674883
4838049212	821775950551674883
867009142166347776	821775950551674883
857219989027160064	821775950551674883
805048678478217218	821775950551674883
864456613440212992	821775950551674883
866962623660687360	821775950551674883
503575302	821775950551674883
2386673104	821775950551674883
1024123699	821775950551674883
839679914257235970	821775950551674883
858068955210149888	821775950551674883
854124912	821775950551674883
2696590275	821775950551674883
3271960248	821775950551674883
863265570560458752	821775950551674883
798437239487217664	821775950551674883
866859069306535936	821775950551674883
860772708279361536	821775950551674883
834915488723394560	821775950551674883
829586745880563713	821775950551674883
866424407144579072	821775950551674883
866877981448314881	821775950551674883
821775950551674883	858951057509986304
821775950551674883	866328607043485697
821775950551674883	777197544
821775950551674883	866883150395396096
821775950551674883	848330205827616768
821775950551674883	866853796420431873
821775950551674883	822777443219931137
821775950551674883	726615569865154561
821775950551674883	922098343
821775950551674883	3349572651
821775950551674883	800450885616734208
821775950551674883	3003654041
821775950551674883	863964453204832256
821775950551674883	739540738136887296
821775950551674883	2308822890
821775950551674883	867540210007121920
821775950551674883	859091035577831429
821775950551674883	867401976476307456
821775950551674883	751393555248189440
821775950551674883	3128864977
821775950551674883	847899127312781313
821775950551674883	859725684259803136
821775950551674883	846323330294657025
821775950551674883	866299047702913025
821775950551674883	866048278693064704
821775950551674883	867524700188151808
821775950551674883	595072270
821775950551674883	338013522
821775950551674883	1347505752
821775950551674883	2431208551
821775950551674883	867479700020621314
821775950551674883	859096687943589888
821775950551674883	2174322548
821775950551674883	944634739
821775950551674883	364490730
821775950551674883	928386691
821775950551674883	854521006505037825
821775950551674883	172930565
821775950551674883	2892351538
821775950551674883	859894782985949184
821775950551674883	968499631
821775950551674883	832289637443842048
821775950551674883	866022068550291457
821775950551674883	893280014
821775950551674883	860886322881449985
821775950551674883	780175298876674048
821775950551674883	867455789623128065
821775950551674883	854714897246154752
821775950551674883	752677493992284161
821775950551674883	2391538267
821775950551674883	866106935598342144
821775950551674883	765525884405022720
821775950551674883	864202936842428416
821775950551674883	2272441716
821775950551674883	4907412697
821775950551674883	861615369785556992
821775950551674883	859656118603325443
821775950551674883	715234095207284737
821775950551674883	806990564738600961
821775950551674883	797211853390774272
821775950551674883	2952020218
821775950551674883	866860677822021633
821775950551674883	4540037686
821775950551674883	859838570479136768
821775950551674883	849097757352759298
821775950551674883	834912827446083589
821775950551674883	797189512464044032
821775950551674883	782963107660431360
821775950551674883	702266515756867584
821775950551674883	866422166144917506
821775950551674883	817101659809648645
821775950551674883	866912279844999169
821775950551674883	866843503745282049
821775950551674883	793135750762070021
821775950551674883	853384326528086017
821775950551674883	861378224126922756
821775950551674883	800466397360816128
821775950551674883	867230068392812544
821775950551674883	867229730231267328
821775950551674883	839855061215903745
821775950551674883	867222840940134400
821775950551674883	851477169998057472
821775950551674883	805251845853761536
821775950551674883	774935648264458240
821775950551674883	862703820018724865
821775950551674883	867101209810935808
821775950551674883	849447708146503680
821775950551674883	2559364473
821775950551674883	775530483144859648
821775950551674883	866738657721540609
821775950551674883	863230775721955328
821775950551674883	867151517941325824
821775950551674883	867145431968559104
821775950551674883	860378872180686848
821775950551674883	572713096
821775950551674883	2400741326
821775950551674883	820082669157490689
821775950551674883	808467194820628486
821775950551674883	825796789966102530
821775950551674883	866876093868814336
821775950551674883	4385553312
821775950551674883	276131102
821775950551674883	2995100459
821775950551674883	867159880515432448
821775950551674883	866750333388718083
821775950551674883	857368347557548032
821775950551674883	859519828348067840
821775950551674883	859253152868126720
821775950551674883	817495248159014913
821775950551674883	772661383
821775950551674883	859519749063139329
821775950551674883	828614631811751936
821775950551674883	865694259608989696
821775950551674883	757419809969623041
821775950551674883	764301373529731072
821775950551674883	867053447148974081
821775950551674883	866777403317768198
821775950551674883	862902695157530624
821775950551674883	850115376390299649
821775950551674883	866457460168589314
821775950551674883	859610106903875584
821775950551674883	859081241794150400
821775950551674883	866245285667782656
821775950551674883	756924722563002368
821775950551674883	866861290135969792
821775950551674883	4838049212
821775950551674883	863421268963491841
821775950551674883	865621892618633217
821775950551674883	866962623660687360
821775950551674883	503575302
821775950551674883	2386673104
821775950551674883	858068955210149888
821775950551674883	839679914257235970
821775950551674883	1024123699
821775950551674883	854124912
821775950551674883	2696590275
821775950551674883	3271960248
821775950551674883	863265570560458752
821775950551674883	798437239487217664
821775950551674883	866877981448314881
821775950551674883	829586745880563713
821775950551674883	866424407144579072
821775950551674883	866859069306535936
821775950551674883	860772708279361536
821775950551674883	834915488723394560
821775950551674883	859253634181328896
821775950551674883	3084905890
821775950551674883	289016741
821775950551674883	866840289616506880
821775950551674883	618510476
821775950551674883	859196026510467072
821775950551674883	4174871458
821775950551674883	858533474969546753
821775950551674883	4868081975
821775950551674883	702133032
821775950551674883	866811718118363136
821775950551674883	474155582
821775950551674883	2314151754
821775950551674883	859888174591602688
821775950551674883	840597283771113472
821775950551674883	866772847645118466
821775950551674883	859128703728705537
821775950551674883	860596820283609088
821775950551674883	859071889020506112
821775950551674883	2970309989
821775950551674883	862764372296437761
821775950551674883	808801971943542784
821775950551674883	853048748708052992
821775950551674883	865018677070102528
821775950551674883	866114856591790080
821775950551674883	43536990
821775950551674883	864094906150735872
821775950551674883	865423619651850240
821775950551674883	866403214505193472
821775950551674883	816012361798664192
821775950551674883	796091508764114944
821775950551674883	233331717
821775950551674883	859596229021454336
821775950551674883	701895772330184705
821775950551674883	866621463004143616
821775950551674883	814610905833111552
821775950551674883	4644217589
821775950551674883	832651019628580865
821775950551674883	2299101920
821775950551674883	859600018088636417
821775950551674883	838839823188242432
821775950551674883	851495560133713920
821775950551674883	736768498219810816
821775950551674883	863035313983291392
821775950551674883	866485376994725888
821775950551674883	866588660329725952
821775950551674883	1318439292
821775950551674883	857025008824049668
821775950551674883	851292532424265728
821775950551674883	2565801436
821775950551674883	861272186836975616
821775950551674883	798324997139873792
821775950551674883	856005069023698944
821775950551674883	858685646419841028
821775950551674883	866324589244297217
