2900937749	823891320016175104
3416739245	823891320016175104
787762622884114436	823891320016175104
843144057719275522	823891320016175104
831696077833302016	823891320016175104
579142142	823891320016175104
793943333638930433	823891320016175104
818980807020838912	823891320016175104
821366899304964098	823891320016175104
1295310084	823891320016175104
1165212392	823891320016175104
1082879473	823891320016175104
792471141075918849	823891320016175104
823891320016175104	792471141075918849
823891320016175104	1082879473
823891320016175104	1165212392
823891320016175104	1295310084
823891320016175104	793943333638930433
823891320016175104	818980807020838912
823891320016175104	821366899304964098
823891320016175104	579142142
823891320016175104	831696077833302016
823891320016175104	843144057719275522
823891320016175104	2900937749
823891320016175104	3416739245
823891320016175104	787762622884114436
823891320016175104	37312877
823891320016175104	52499387
823891320016175104	2820330083
823891320016175104	466244002
823891320016175104	31547933
823891320016175104	55243527
823891320016175104	34032476
823891320016175104	396814767
823891320016175104	779344788
823891320016175104	451200058
823891320016175104	50185277
823891320016175104	183335682
823891320016175104	508131314
823891320016175104	271010018
823891320016175104	44372571
823891320016175104	51509917
823891320016175104	10228272
823891320016175104	24828692
823891320016175104	3376090307
823891320016175104	2781279240
823891320016175104	730227128340512768
823891320016175104	220174784
823891320016175104	290243668
823891320016175104	3302323973
823891320016175104	49318144
823891320016175104	141817380
823891320016175104	95427052
823891320016175104	1310371460
823891320016175104	56079927
823891320016175104	37545509
823891320016175104	4627752741
823891320016175104	230186518
823891320016175104	57810031
823891320016175104	466727736
823891320016175104	261308632
823891320016175104	2280644548
823891320016175104	334045290
823891320016175104	81751472
823891320016175104	952016754
823891320016175104	3040168252
823891320016175104	233032751
823891320016175104	386325130
823891320016175104	14128609
823891320016175104	121517065
823891320016175104	57475935
823891320016175104	29797128
823891320016175104	27927868
823891320016175104	25365536
823891320016175104	139612761
823891320016175104	62823322
823891320016175104	44302471
823891320016175104	48332360
823891320016175104	14502789
823891320016175104	127680499
823891320016175104	62557485
823891320016175104	226542162
823891320016175104	125765095
823891320016175104	31631327
823891320016175104	55573873
823891320016175104	2203709322
823891320016175104	21447363
823891320016175104	142448465
823891320016175104	44409004
823891320016175104	21111883
