3270264866	828695345555243009
799592486545068033	828695345555243009
867027611272318977	828695345555243009
866623588077412357	828695345555243009
2856205889	828695345555243009
2812971281	828695345555243009
4513731705	828695345555243009
866058373363585026	828695345555243009
2823474449	828695345555243009
740356673848541184	828695345555243009
1551987098	828695345555243009
816025938509103104	828695345555243009
2339834180	828695345555243009
2290212487	828695345555243009
865248920850489345	828695345555243009
820524719162146816	828695345555243009
2969994329	828695345555243009
796388319072489473	828695345555243009
2278107182	828695345555243009
3404399351	828695345555243009
844167161522393090	828695345555243009
2208958148	828695345555243009
21283128	828695345555243009
863202496768077825	828695345555243009
93479385	828695345555243009
853601193737809921	828695345555243009
857061399394045952	828695345555243009
4028074814	828695345555243009
765372331283746817	828695345555243009
2791475831	828695345555243009
3246843374	828695345555243009
127034702	828695345555243009
4811177789	828695345555243009
861705875244896262	828695345555243009
4735770389	828695345555243009
3452852116	828695345555243009
2779417764	828695345555243009
1029295578	828695345555243009
167682841	828695345555243009
848879245841530881	828695345555243009
23264306	828695345555243009
860000091129741312	828695345555243009
832992894315220992	828695345555243009
1016696390	828695345555243009
859548723046699010	828695345555243009
823579302281224192	828695345555243009
2373347040	828695345555243009
1375130095	828695345555243009
855014572838834178	828695345555243009
3658634955	828695345555243009
2988718245	828695345555243009
164037051	828695345555243009
855852803012653059	828695345555243009
845527969355456513	828695345555243009
3031861585	828695345555243009
856725845708328960	828695345555243009
856722527799967744	828695345555243009
726135300787986432	828695345555243009
4305490942	828695345555243009
800838459002912768	828695345555243009
803284196642979840	828695345555243009
851075134207250433	828695345555243009
856186266987220992	828695345555243009
2186734153	828695345555243009
735961358420877312	828695345555243009
826339521360916481	828695345555243009
812894469271982082	828695345555243009
855850030254751744	828695345555243009
843877358054461441	828695345555243009
1222826209	828695345555243009
821081416008167429	828695345555243009
843963822230700033	828695345555243009
831590667289714691	828695345555243009
785287522477809664	828695345555243009
847190333989511168	828695345555243009
828320774742216705	828695345555243009
788925916906913793	828695345555243009
818655858917838849	828695345555243009
854828095228047360	828695345555243009
197628331	828695345555243009
788530569470554112	828695345555243009
4710403273	828695345555243009
411712367	828695345555243009
853599411297034240	828695345555243009
756723443450585088	828695345555243009
854469022791815168	828695345555243009
774146098420068353	828695345555243009
228913370	828695345555243009
760165426265329664	828695345555243009
854197926842834945	828695345555243009
3442092077	828695345555243009
816404402739281920	828695345555243009
16600574	828695345555243009
823259238063554560	828695345555243009
1361133636	828695345555243009
2782806013	828695345555243009
853297337296441346	828695345555243009
828696545612722177	828695345555243009
2892690557	828695345555243009
822931653555265536	828695345555243009
852670989829902336	828695345555243009
852647614835077120	828695345555243009
3344458672	828695345555243009
963008875	828695345555243009
830123243801542656	828695345555243009
721066200256499716	828695345555243009
2833407113	828695345555243009
713234713473892352	828695345555243009
170534907	828695345555243009
738558607751548928	828695345555243009
767851799294337024	828695345555243009
790338353614815232	828695345555243009
851561649156886528	828695345555243009
851520133453549572	828695345555243009
814274929797562368	828695345555243009
719200478337183744	828695345555243009
2737612838	828695345555243009
2886502944	828695345555243009
3499944014	828695345555243009
851246814485458944	828695345555243009
848007069517197314	828695345555243009
78654236	828695345555243009
708340073809453058	828695345555243009
849920042909216768	828695345555243009
270150443	828695345555243009
720094038100017154	828695345555243009
154312408	828695345555243009
817069233414828033	828695345555243009
2822779352	828695345555243009
761952920338206720	828695345555243009
849599365400461312	828695345555243009
2916263673	828695345555243009
849837887285624832	828695345555243009
367407078	828695345555243009
816762160495759362	828695345555243009
849346988692959233	828695345555243009
811262125582807040	828695345555243009
817242224253538306	828695345555243009
830588026849947648	828695345555243009
3287633694	828695345555243009
506344894	828695345555243009
725359754546143233	828695345555243009
2390068563	828695345555243009
847979111951736832	828695345555243009
835626198197743617	828695345555243009
837154000344608768	828695345555243009
111698159	828695345555243009
846732309445390336	828695345555243009
167534409	828695345555243009
847613822105825283	828695345555243009
829506211703721985	828695345555243009
758523540668678144	828695345555243009
3974204053	828695345555243009
1111353600	828695345555243009
846910903098494978	828695345555243009
767102667629944832	828695345555243009
1362954864	828695345555243009
2316157393	828695345555243009
2983135461	828695345555243009
826639838514339840	828695345555243009
829550164218114048	828695345555243009
811989199704518658	828695345555243009
818580868633608192	828695345555243009
835966707625648129	828695345555243009
707983129	828695345555243009
1597244197	828695345555243009
846153610333470723	828695345555243009
846131767509581824	828695345555243009
2309180515	828695345555243009
721726192466935810	828695345555243009
314086541	828695345555243009
846023471457062912	828695345555243009
822372702119788544	828695345555243009
757753004975984640	828695345555243009
845729394400399360	828695345555243009
834068334119378946	828695345555243009
368768473	828695345555243009
845494461899657216	828695345555243009
812144597518471168	828695345555243009
775859934973931520	828695345555243009
821101878998089728	828695345555243009
772425836955832320	828695345555243009
4774931520	828695345555243009
819737792536334336	828695345555243009
785499266416570369	828695345555243009
343059717	828695345555243009
747067365074952196	828695345555243009
808024341417967616	828695345555243009
826218477153234945	828695345555243009
782081138722476032	828695345555243009
586838494	828695345555243009
821826214113505280	828695345555243009
4260577153	828695345555243009
818482970	828695345555243009
844950882508771328	828695345555243009
1078290452	828695345555243009
222342445	828695345555243009
2545547981	828695345555243009
703799503711698944	828695345555243009
844390540795822080	828695345555243009
828695345555243009	239925121
828695345555243009	702312050110951424
828695345555243009	2856205889
828695345555243009	862463874112655362
828695345555243009	764195296125472768
828695345555243009	846215022430834688
828695345555243009	866058373363585026
828695345555243009	783408564991733761
828695345555243009	864011021760962560
828695345555243009	4579390693
828695345555243009	731972432
828695345555243009	33586484
828695345555243009	167682841
828695345555243009	1029295578
828695345555243009	2779417764
828695345555243009	1375130095
828695345555243009	859548723046699010
828695345555243009	2373347040
828695345555243009	855014572838834178
828695345555243009	789495110
828695345555243009	705442994841788416
828695345555243009	785287522477809664
828695345555243009	843963822230700033
828695345555243009	821081416008167429
828695345555243009	847190333989511168
828695345555243009	831590667289714691
828695345555243009	1222826209
828695345555243009	843877358054461441
828695345555243009	826339521360916481
828695345555243009	4826015897
828695345555243009	837354373067874304
828695345555243009	568488225
828695345555243009	855850030254751744
828695345555243009	796439096755421190
828695345555243009	828320774742216705
828695345555243009	551220805
828695345555243009	14872237
828695345555243009	118463675
828695345555243009	155659213
828695345555243009	96951800
828695345555243009	19923144
828695345555243009	1059683502
828695345555243009	3344458672
828695345555243009	830936459276337152
828695345555243009	738558607751548928
828695345555243009	170534907
828695345555243009	713234713473892352
828695345555243009	2886502944
828695345555243009	3499944014
828695345555243009	2717205927
828695345555243009	2444572705
828695345555243009	346424377
828695345555243009	558297516
828695345555243009	441306334
828695345555243009	829506211703721985
828695345555243009	3974204053
828695345555243009	758523540668678144
828695345555243009	2983135461
828695345555243009	2475024469
828695345555243009	2229115307
828695345555243009	714507530991325185
828695345555243009	2582838060
828695345555243009	36791540
828695345555243009	2733526557
828695345555243009	833278253146243072
828695345555243009	843162447162761216
828695345555243009	757341370033897472
828695345555243009	794731229601886208
828695345555243009	343059717
828695345555243009	714900027320049664
828695345555243009	837044676842545153
828695345555243009	772166785193893888
828695345555243009	3954570253
828695345555243009	696531358559166464
828695345555243009	730666104901640192
828695345555243009	2508633319
828695345555243009	839611531255951360
828695345555243009	2803092983
828695345555243009	804022240362823680
828695345555243009	747067365074952196
828695345555243009	821101878998089728
828695345555243009	740280876748005377
828695345555243009	3000344485
828695345555243009	816488466288611328
828695345555243009	804898744349130752
828695345555243009	1859075966
828695345555243009	790731774305284096
828695345555243009	3398660027
828695345555243009	821062508752543744
828695345555243009	3031804471
828695345555243009	4229794038
828695345555243009	4416911052
828695345555243009	2790343282
828695345555243009	4795807098
828695345555243009	4774931520
828695345555243009	3389261229
828695345555243009	762009647888764929
828695345555243009	724383344549470208
828695345555243009	2940448804
828695345555243009	762380710208352256
828695345555243009	2742195322
828695345555243009	2214644852
828695345555243009	4921649203
828695345555243009	1239623672
828695345555243009	722611026970062852
828695345555243009	563058925
828695345555243009	762510606494687233
828695345555243009	825620123839057920
828695345555243009	284345397
828695345555243009	828115704297590784
828695345555243009	817069233414828033
828695345555243009	4041361875
828695345555243009	754485593137184769
828695345555243009	1705752888
828695345555243009	3394695553
828695345555243009	839697221243265024
828695345555243009	3453879860
828695345555243009	731595313916432384
828695345555243009	3487098312
828695345555243009	3573325757
828695345555243009	4736208744
828695345555243009	2828691356
828695345555243009	2760244357
828695345555243009	2249727672
828695345555243009	1142679344
828695345555243009	736275605927399424
828695345555243009	3815062899
828695345555243009	2710868330
828695345555243009	3443172080
828695345555243009	3260826110
828695345555243009	3048348746
828695345555243009	759472861107007489
828695345555243009	1232158034
828695345555243009	767854016432738304
828695345555243009	742364217508954112
828695345555243009	3116049209
828695345555243009	845009079571501056
828695345555243009	2832408827
828695345555243009	4680197300
828695345555243009	715349911508688896
828695345555243009	1083787032
828695345555243009	1188055782
828695345555243009	3008567593
828695345555243009	712026891922841601
828695345555243009	3777406099
828695345555243009	879068628
828695345555243009	4719749954
828695345555243009	4658789161
828695345555243009	816795102630838273
828695345555243009	2898518014
828695345555243009	2735849772
828695345555243009	758130500925919233
828695345555243009	817241872997502977
828695345555243009	446464640
828695345555243009	713889708749656064
828695345555243009	761610490413932544
828695345555243009	4844216551
828695345555243009	1025600551
828695345555243009	711641370029461505
828695345555243009	835732445022547968
828695345555243009	830512036685586432
828695345555243009	1000194487
828695345555243009	801485868380946433
828695345555243009	4329292753
828695345555243009	3299217140
828695345555243009	3042276638
828695345555243009	702200904108224512
828695345555243009	746068793730998272
828695345555243009	2470884530
828695345555243009	812144597518471168
828695345555243009	721726192466935810
828695345555243009	822236842833694720
828695345555243009	4898896136
828695345555243009	3299817738
828695345555243009	805120472320851968
828695345555243009	773706451344826368
828695345555243009	746158275444387840
828695345555243009	820731551507808256
828695345555243009	819298320698982410
828695345555243009	3351519149
828695345555243009	2999230834
828695345555243009	814631037095542785
828695345555243009	730867725048762370
828695345555243009	2675259122
828695345555243009	813638617524383744
828695345555243009	831023233231040541
828695345555243009	828698131764088832
828695345555243009	3320109099
828695345555243009	2965255288
828695345555243009	3783717852
828695345555243009	2916263673
828695345555243009	819737792536334336
828695345555243009	752934469456138240
828695345555243009	3403437071
828695345555243009	739586894934233088
828695345555243009	753062748129492992
828695345555243009	794051365391757312
828695345555243009	772425836955832320
828695345555243009	278243432
828695345555243009	4013627655
