864736509684891648	830452188124155904
798324997139873792	830452188124155904
3845177435	830452188124155904
831258396301127681	830452188124155904
3331711659	830452188124155904
775198640692301824	830452188124155904
499396858	830452188124155904
859052872498946048	830452188124155904
2440726659	830452188124155904
1899111392	830452188124155904
858893437298278400	830452188124155904
859177351535628289	830452188124155904
858083336950087680	830452188124155904
858738027128119296	830452188124155904
856887426509402113	830452188124155904
745833645550804992	830452188124155904
2740167762	830452188124155904
155260687	830452188124155904
39159334	830452188124155904
2781523748	830452188124155904
107838439	830452188124155904
280626340	830452188124155904
780128760645361664	830452188124155904
834901331441745921	830452188124155904
846157600890662912	830452188124155904
813215092141494273	830452188124155904
116853613	830452188124155904
828421325588987904	830452188124155904
852145642453561345	830452188124155904
93335125	830452188124155904
2829706150	830452188124155904
799330286928535553	830452188124155904
309936725	830452188124155904
780604766	830452188124155904
574064435	830452188124155904
3090190234	830452188124155904
4905218481	830452188124155904
756048512979128320	830452188124155904
2844415343	830452188124155904
787285807002480640	830452188124155904
821934230196420610	830452188124155904
830452188124155904	1647851076
830452188124155904	831258396301127681
830452188124155904	775198640692301824
830452188124155904	3331711659
830452188124155904	2581747950
830452188124155904	2284584488
830452188124155904	3373410447
830452188124155904	3315335113
830452188124155904	3845177435
830452188124155904	1899111392
830452188124155904	499396858
830452188124155904	3065108481
830452188124155904	859177351535628289
830452188124155904	858738027128119296
830452188124155904	858083336950087680
830452188124155904	28840516
830452188124155904	1716188444
830452188124155904	2984948303
830452188124155904	834901331441745921
830452188124155904	780128760645361664
830452188124155904	107838439
830452188124155904	4921723143
830452188124155904	280626340
830452188124155904	1202405802
830452188124155904	813215092141494273
830452188124155904	116853613
830452188124155904	846157600890662912
830452188124155904	828421325588987904
830452188124155904	852145642453561345
830452188124155904	335141638
830452188124155904	754855917318004736
830452188124155904	762163197889523712
830452188124155904	93335125
830452188124155904	2829706150
830452188124155904	799330286928535553
830452188124155904	309936725
830452188124155904	731190847996334080
830452188124155904	1225336832
830452188124155904	780604766
830452188124155904	734267233950633984
830452188124155904	574064435
830452188124155904	2273227202
830452188124155904	476675010
830452188124155904	2391232105
830452188124155904	3981942198
830452188124155904	1429480158
830452188124155904	3090190234
830452188124155904	2688000691
830452188124155904	2844415343
830452188124155904	806183391896961024
830452188124155904	756048512979128320
830452188124155904	4905218481
830452188124155904	787285807002480640
830452188124155904	821934230196420610
830452188124155904	181561712
830452188124155904	176566242
830452188124155904	209708391
830452188124155904	573299587
830452188124155904	84279963
830452188124155904	158314798
830452188124155904	105119490
830452188124155904	21366823
