730674140772962304	832974971202895873
3687015554	832974971202895873
110608919	832974971202895873
718412034598182912	832974971202895873
379392934	832974971202895873
2810144757	832974971202895873
792005498291838976	832974971202895873
283161604	832974971202895873
1227897068	832974971202895873
1405426890	832974971202895873
33857467	832974971202895873
3172041646	832974971202895873
138439059	832974971202895873
715632357684985856	832974971202895873
866958693434261504	832974971202895873
845297546226491392	832974971202895873
866914007701221378	832974971202895873
866106040303013888	832974971202895873
855164863634657282	832974971202895873
866871038507970561	832974971202895873
860343745102757888	832974971202895873
792455524579016704	832974971202895873
862397702591594496	832974971202895873
23593051	832974971202895873
2601883038	832974971202895873
864492036963151873	832974971202895873
866563491972476928	832974971202895873
712282258502066176	832974971202895873
866536054630883328	832974971202895873
407482641	832974971202895873
1872837445	832974971202895873
313682467	832974971202895873
866194422870024192	832974971202895873
3301192430	832974971202895873
2452186447	832974971202895873
165155505	832974971202895873
300682625	832974971202895873
831663335322030080	832974971202895873
805824531810160642	832974971202895873
864820404107476992	832974971202895873
605664681	832974971202895873
810676834107006976	832974971202895873
1219715270	832974971202895873
3123720957	832974971202895873
838786378041331714	832974971202895873
4882742566	832974971202895873
856657628000395267	832974971202895873
862205027661828096	832974971202895873
762718209325854721	832974971202895873
2897106316	832974971202895873
1335182084	832974971202895873
865789239816056832	832974971202895873
101720828	832974971202895873
790552206147584000	832974971202895873
68843284	832974971202895873
3305774478	832974971202895873
2864610875	832974971202895873
855123709933309952	832974971202895873
2421571879	832974971202895873
60005894	832974971202895873
136954758	832974971202895873
2635836486	832974971202895873
4274835014	832974971202895873
836226761767727105	832974971202895873
829194018747727874	832974971202895873
365178901	832974971202895873
271827363	832974971202895873
790085444	832974971202895873
4135845916	832974971202895873
860863264535740416	832974971202895873
3319984740	832974971202895873
216433996	832974971202895873
812483247309459456	832974971202895873
854019988075589632	832974971202895873
4141191494	832974971202895873
260121909	832974971202895873
850436004871892992	832974971202895873
865165439625834496	832974971202895873
809769104462725121	832974971202895873
2897696193	832974971202895873
733635404826435585	832974971202895873
1014931788	832974971202895873
970678478	832974971202895873
83060246	832974971202895873
374691076	832974971202895873
588514953	832974971202895873
371563465	832974971202895873
803928874358886400	832974971202895873
38671205	832974971202895873
1057291254	832974971202895873
27336862	832974971202895873
1385068664	832974971202895873
720830444766253058	832974971202895873
2900113101	832974971202895873
3303319311	832974971202895873
835336653761884161	832974971202895873
324387791	832974971202895873
852871081274654721	832974971202895873
817199574066626560	832974971202895873
4844377533	832974971202895873
829268758497787904	832974971202895873
3006415643	832974971202895873
2309130577	832974971202895873
1092642168	832974971202895873
4861649373	832974971202895873
860411579120136192	832974971202895873
219828345	832974971202895873
858911522378190848	832974971202895873
810725897171042304	832974971202895873
1639821571	832974971202895873
810726246682345472	832974971202895873
1286099851	832974971202895873
846808238175784961	832974971202895873
833801202	832974971202895873
784495525244600320	832974971202895873
23779309	832974971202895873
3299839746	832974971202895873
3381744599	832974971202895873
123933026	832974971202895873
858812362891173888	832974971202895873
855198752616742912	832974971202895873
2837042323	832974971202895873
1229576575	832974971202895873
3387237851	832974971202895873
2332377877	832974971202895873
745930414594875394	832974971202895873
3429716650	832974971202895873
2277877944	832974971202895873
2953580067	832974971202895873
20553464	832974971202895873
554081525	832974971202895873
968761260	832974971202895873
860521349713989632	832974971202895873
2474429216	832974971202895873
698339024050585600	832974971202895873
801250600000352257	832974971202895873
853185501632876544	832974971202895873
2970380200	832974971202895873
853152470725521408	832974971202895873
1413871650	832974971202895873
863662034562494464	832974971202895873
863634527880609792	832974971202895873
863612414113325057	832974971202895873
801933326	832974971202895873
2463854162	832974971202895873
329384232	832974971202895873
219496700	832974971202895873
182448906	832974971202895873
32995495	832974971202895873
167781199	832974971202895873
1895756077	832974971202895873
780456613807218689	832974971202895873
745342890889486337	832974971202895873
859139934963290116	832974971202895873
357668606	832974971202895873
1014957828	832974971202895873
863378670345494529	832974971202895873
863363767463292928	832974971202895873
301770042	832974971202895873
3556610061	832974971202895873
863340643267076096	832974971202895873
863325329636700160	832974971202895873
863302932955103232	832974971202895873
863288789170520064	832974971202895873
3055324088	832974971202895873
2533020840	832974971202895873
863274236558835712	832974971202895873
4578275957	832974971202895873
863255702051196928	832974971202895873
734213740602630145	832974971202895873
483403250	832974971202895873
862602239415693312	832974971202895873
805165152161202177	832974971202895873
16909941	832974971202895873
44958980	832974971202895873
728092664705355776	832974971202895873
235079252	832974971202895873
3232986598	832974971202895873
218687017	832974971202895873
844344403	832974971202895873
3841158079	832974971202895873
38632928	832974971202895873
835228355381297152	832974971202895873
276266427	832974971202895873
854550153621106688	832974971202895873
229623231	832974971202895873
2815413821	832974971202895873
851798541450326016	832974971202895873
48834856	832974971202895873
3179282161	832974971202895873
1107386173	832974971202895873
4287052162	832974971202895873
67175124	832974971202895873
855081881628364801	832974971202895873
738390382992601088	832974971202895873
3405379053	832974971202895873
842124149162164225	832974971202895873
4700229798	832974971202895873
836068512787382272	832974971202895873
853163688429330432	832974971202895873
832974971202895873	272396530
832974971202895873	862278019947405313
832974971202895873	17532069
832974971202895873	70708142
832974971202895873	3932893877
832974971202895873	319367083
832974971202895873	838517624183091200
832974971202895873	864299747103911936
832974971202895873	61736518
832974971202895873	1096873064
832974971202895873	82666413
832974971202895873	337444267
832974971202895873	93621830
832974971202895873	866005207641141249
832974971202895873	28119798
832974971202895873	386774721
832974971202895873	1562809992
832974971202895873	866430677566312448
832974971202895873	20641934
832974971202895873	581827043
832974971202895873	2438628480
832974971202895873	413496952
832974971202895873	2749624281
832974971202895873	704279524758974465
832974971202895873	366821308
832974971202895873	116853613
832974971202895873	3139058583
832974971202895873	237763277
832974971202895873	1227897068
832974971202895873	715632357684985856
832974971202895873	1405426890
832974971202895873	2527094447
832974971202895873	4174203527
832974971202895873	37905924
832974971202895873	794111694716833792
832974971202895873	3270392646
832974971202895873	784446017164840960
832974971202895873	182705626
832974971202895873	4614163933
832974971202895873	1455009949
832974971202895873	202247844
832974971202895873	4137794539
832974971202895873	1489254878
832974971202895873	2508679526
832974971202895873	27753434
832974971202895873	823219517295886336
832974971202895873	828294048662237184
832974971202895873	27724075
832974971202895873	116815426
832974971202895873	4689010159
832974971202895873	3017447442
832974971202895873	4123296679
832974971202895873	4629852913
832974971202895873	316963766
832974971202895873	138439059
832974971202895873	855164863634657282
832974971202895873	536946360
832974971202895873	860373225133551616
832974971202895873	3647981863
832974971202895873	831979599378669569
832974971202895873	218651995
832974971202895873	19842243
832974971202895873	826733619485872128
832974971202895873	2826598689
832974971202895873	634490247
832974971202895873	1523085312
832974971202895873	704540392776036352
832974971202895873	273512776
832974971202895873	4874874502
832974971202895873	3022499398
832974971202895873	846760545374089216
832974971202895873	3963993973
832974971202895873	792455524579016704
832974971202895873	815139975091978240
832974971202895873	845297546226491392
832974971202895873	860343745102757888
832974971202895873	4716367721
832974971202895873	1579114202
832974971202895873	4230621253
832974971202895873	857263517027770368
832974971202895873	1872837445
832974971202895873	815054131580825600
832974971202895873	752474540169654272
832974971202895873	24107757
832974971202895873	849295783300083714
832974971202895873	3301192430
832974971202895873	2884014073
832974971202895873	865480485689974786
832974971202895873	1155189008
832974971202895873	2296799327
832974971202895873	15515984
832974971202895873	856183008176615427
832974971202895873	2452186447
832974971202895873	3140997597
832974971202895873	2842436520
832974971202895873	806619987729203200
832974971202895873	856820966
832974971202895873	827921709403602944
832974971202895873	806631693637402624
832974971202895873	3329144206
832974971202895873	1226635566
832974971202895873	432548653
832974971202895873	15174218
832974971202895873	866058863585394689
832974971202895873	4839135629
832974971202895873	4900128680
832974971202895873	861700233671192576
832974971202895873	810676834107006976
832974971202895873	15487249
832974971202895873	293611878
832974971202895873	847701663431315457
832974971202895873	399366134
832974971202895873	222833343
832974971202895873	2610309458
832974971202895873	1219715270
832974971202895873	3029007609
832974971202895873	3123720957
832974971202895873	752248683270397954
832974971202895873	1861324069
832974971202895873	319527997
832974971202895873	2950293680
832974971202895873	3644996061
832974971202895873	778593468914475008
832974971202895873	197350378
832974971202895873	564648440
832974971202895873	862205027661828096
832974971202895873	710015117790990336
832974971202895873	3190310744
832974971202895873	2826466607
832974971202895873	748009753037705216
832974971202895873	838786378041331714
832974971202895873	2934286531
832974971202895873	165155505
832974971202895873	30543328
832974971202895873	3140912007
832974971202895873	3270603948
832974971202895873	864955975488294912
832974971202895873	22115228
832974971202895873	762718209325854721
832974971202895873	1705757940
832974971202895873	842772757381353472
832974971202895873	1532156167
832974971202895873	866414526
832974971202895873	735241423935524864
832974971202895873	75646269
832974971202895873	128764653
832974971202895873	2508403453
832974971202895873	15073381
832974971202895873	3433635503
832974971202895873	779430769701683200
832974971202895873	805824531810160642
832974971202895873	4824279705
832974971202895873	735674370283208704
832974971202895873	219496700
832974971202895873	707777385223954433
832974971202895873	781713425093173248
832974971202895873	407482641
832974971202895873	801919190865059840
832974971202895873	874366290
832974971202895873	1609075316
832974971202895873	2460979135
832974971202895873	2273331867
832974971202895873	1290145915
832974971202895873	41951124
832974971202895873	3305774478
832974971202895873	3355117984
832974971202895873	334556647
832974971202895873	90395147
832974971202895873	855123709933309952
832974971202895873	1275811220
832974971202895873	302498269
832974971202895873	832234621500784644
832974971202895873	25438521
832974971202895873	1024076294
832974971202895873	715753344543883264
832974971202895873	857260414098427905
832974971202895873	39050361
832974971202895873	15109784
832974971202895873	22958253
832974971202895873	383457175
832974971202895873	102065692
832974971202895873	308176153
832974971202895873	718412034598182912
832974971202895873	774028900804460544
832974971202895873	60005894
832974971202895873	746769776354144256
832974971202895873	715161125667491840
832974971202895873	1578129847
832974971202895873	3140933896
832974971202895873	732548038367944705
832974971202895873	100611789
832974971202895873	707951558
832974971202895873	760431814263640064
832974971202895873	1638655531
832974971202895873	850396967305965568
832974971202895873	787500468
832974971202895873	2844142686
832974971202895873	91138713
832974971202895873	40427807
832974971202895873	747822276838559744
