817811852616990720	838153215745093633
815694852193013761	838153215745093633
860279045157568512	838153215745093633
859263976290402304	838153215745093633
837177909529858049	838153215745093633
858894201337073665	838153215745093633
703070679806185473	838153215745093633
748555512128499712	838153215745093633
866076457994473472	838153215745093633
2950509863	838153215745093633
850294924805160961	838153215745093633
855845619503595520	838153215745093633
859087695376732162	838153215745093633
797300416799047680	838153215745093633
3359338306	838153215745093633
825852199477661696	838153215745093633
826023386652385280	838153215745093633
804888990214078465	838153215745093633
862356881305632768	838153215745093633
768961342715854852	838153215745093633
862422226657849344	838153215745093633
863117073022672897	838153215745093633
816727553356550145	838153215745093633
848485543453143040	838153215745093633
854273061792698370	838153215745093633
834685282020569089	838153215745093633
795103794505859072	838153215745093633
855295004004175872	838153215745093633
859072055685369856	838153215745093633
827998529310253056	838153215745093633
3001859225	838153215745093633
1433765558	838153215745093633
854169700724609025	838153215745093633
793926919217672192	838153215745093633
792408574655864832	838153215745093633
792462861159260160	838153215745093633
2368052958	838153215745093633
860693749122252800	838153215745093633
804460263416143872	838153215745093633
805443567309258752	838153215745093633
780332891062476801	838153215745093633
1191646182	838153215745093633
766800601044901888	838153215745093633
830905006568116230	838153215745093633
857061296122077184	838153215745093633
832492938584289280	838153215745093633
765345249698811904	838153215745093633
844224426782605312	838153215745093633
848386010719375362	838153215745093633
798301110561808384	838153215745093633
859513603598295047	838153215745093633
812948661927903232	838153215745093633
820859703098015744	838153215745093633
797656379490205697	838153215745093633
1659547502	838153215745093633
817145720616652801	838153215745093633
832329667722014722	838153215745093633
742745221079937025	838153215745093633
716613806718234624	838153215745093633
4654289234	838153215745093633
757543279080726529	838153215745093633
756625881758654464	838153215745093633
4800814463	838153215745093633
818846628006215683	838153215745093633
737960955087355905	838153215745093633
837502856936706048	838153215745093633
839731907445211137	838153215745093633
823692051422310400	838153215745093633
2947780353	838153215745093633
819567198867963904	838153215745093633
858398806181912576	838153215745093633
2182539757	838153215745093633
756022288118484992	838153215745093633
2769561617	838153215745093633
827707112918773760	838153215745093633
852743078498545664	838153215745093633
810941931882762240	838153215745093633
826281107402399744	838153215745093633
826977961358262278	838153215745093633
4646652681	838153215745093633
831362575992496128	838153215745093633
841404229751300096	838153215745093633
2953481289	838153215745093633
709038540940812288	838153215745093633
814034693024870400	838153215745093633
769624258515505152	838153215745093633
1716809366	838153215745093633
814992756888244224	838153215745093633
4865135848	838153215745093633
855258800349102080	838153215745093633
828918106135343104	838153215745093633
3033856987	838153215745093633
2877490605	838153215745093633
826214900733267968	838153215745093633
406018710	838153215745093633
720981787	838153215745093633
4398985995	838153215745093633
795390735226900481	838153215745093633
116853613	838153215745093633
804587975656894464	838153215745093633
3060472528	838153215745093633
832790310304509952	838153215745093633
846696779156508673	838153215745093633
3371923071	838153215745093633
850626345168195584	838153215745093633
851106623837933568	838153215745093633
3718020074	838153215745093633
848668475627376641	838153215745093633
793485068987731972	838153215745093633
855644293079355393	838153215745093633
2644514897	838153215745093633
803785708934602752	838153215745093633
835054322022928384	838153215745093633
822654161523240964	838153215745093633
812709953483878401	838153215745093633
852343494756548609	838153215745093633
832623413097140225	838153215745093633
854197430882926594	838153215745093633
838071242951389191	838153215745093633
716729842557956098	838153215745093633
1096910060	838153215745093633
1082887866	838153215745093633
827082098993422340	838153215745093633
854531382353158144	838153215745093633
802842933301014528	838153215745093633
586043273	838153215745093633
843999854690996224	838153215745093633
824660949000937473	838153215745093633
807552183285780480	838153215745093633
855134153460895744	838153215745093633
835032686813036544	838153215745093633
817614025886306304	838153215745093633
845135103185436672	838153215745093633
831256859864604673	838153215745093633
1099968974	838153215745093633
849646623000895491	838153215745093633
807211234256748544	838153215745093633
794539011016691712	838153215745093633
848550654385704960	838153215745093633
820608676046090241	838153215745093633
769854206282985473	838153215745093633
835018665267376129	838153215745093633
718785926902603776	838153215745093633
846463891454480384	838153215745093633
736174241628839937	838153215745093633
837833806262353920	838153215745093633
826681490889068545	838153215745093633
3093956599	838153215745093633
720137147798265856	838153215745093633
846090769534476290	838153215745093633
842369715624386561	838153215745093633
733144224732958720	838153215745093633
783130363832827904	838153215745093633
836539264980549632	838153215745093633
370245807	838153215745093633
833851089824911360	838153215745093633
837122464291282945	838153215745093633
1108555891	838153215745093633
705613168609882112	838153215745093633
815129121101488128	838153215745093633
845541571307192320	838153215745093633
3093746706	838153215745093633
845872848241537024	838153215745093633
837208706722881537	838153215745093633
833503736722968576	838153215745093633
837767023585288192	838153215745093633
799030335317168137	838153215745093633
835149193496821761	838153215745093633
3798761293	838153215745093633
822862545342070784	838153215745093633
813924654062649344	838153215745093633
826417455949950976	838153215745093633
828300012375334912	838153215745093633
829349052827394048	838153215745093633
830591456394014721	838153215745093633
837995578306904064	838153215745093633
838018189321609217	838153215745093633
823091529992388609	838153215745093633
840335639669280768	838153215745093633
798481014666338304	838153215745093633
840029017147232256	838153215745093633
3295109684	838153215745093633
813802633832132608	838153215745093633
2726832859	838153215745093633
836097965496283137	838153215745093633
4803132792	838153215745093633
825732352622071810	838153215745093633
818055847993454592	838153215745093633
3943906512	838153215745093633
1969399717	838153215745093633
839208433123475457	838153215745093633
730957868367646722	838153215745093633
2555728025	838153215745093633
823570550819786755	838153215745093633
838856237831831553	838153215745093633
2914950496	838153215745093633
835877960330661892	838153215745093633
827094576217288704	838153215745093633
2233711926	838153215745093633
733120554379534336	838153215745093633
838153215745093633	756400305240215552
838153215745093633	788655703833452544
838153215745093633	826817456584941568
838153215745093633	804888990214078465
838153215745093633	848861158866010113
838153215745093633	827136684206616576
838153215745093633	832999055936651268
838153215745093633	1474951202
838153215745093633	765625121654444032
838153215745093633	803341792213024768
838153215745093633	805353264870887424
838153215745093633	2580514755
838153215745093633	832329667722014722
838153215745093633	4800814463
838153215745093633	2843764529
838153215745093633	3128545792
838153215745093633	814992756888244224
838153215745093633	845825764675137536
838153215745093633	709879646142259201
838153215745093633	847792519496716288
838153215745093633	2703333505
838153215745093633	2183741727
838153215745093633	271228698
838153215745093633	730967293388148736
838153215745093633	2955817730
838153215745093633	157741191
838153215745093633	820840665957486592
838153215745093633	593909024
838153215745093633	727678319475499008
838153215745093633	3029094977
838153215745093633	2857356525
838153215745093633	772728914414305280
838153215745093633	821425093670764544
838153215745093633	857125734
838153215745093633	335853503
838153215745093633	822717301900406784
838153215745093633	820686611239370752
838153215745093633	2833436242
838153215745093633	823678160902455296
838153215745093633	724679867313328128
838153215745093633	816503005230964736
838153215745093633	817279569476587520
838153215745093633	4857936233
838153215745093633	151088143
838153215745093633	56024384
838153215745093633	619421016
838153215745093633	4808955329
838153215745093633	801850766671671300
838153215745093633	1038134869
838153215745093633	314962563
838153215745093633	118241641
838153215745093633	807096758
838153215745093633	3282800359
838153215745093633	367475699
838153215745093633	908295084
838153215745093633	3279786102
838153215745093633	824310956339658752
838153215745093633	2975759584
838153215745093633	814914115458256896
838153215745093633	714621266574053376
838153215745093633	1887361003
838153215745093633	4863468059
838153215745093633	78911633
838153215745093633	113609728
838153215745093633	814572336347222016
838153215745093633	1146572054
838153215745093633	799085139116654596
838153215745093633	824668376907862017
838153215745093633	788051450765176832
838153215745093633	762346785192968192
838153215745093633	820494303537442819
838153215745093633	814575904055816192
838153215745093633	3358558859
838153215745093633	720807662259191808
838153215745093633	792051894369808384
838153215745093633	2731006607
838153215745093633	3382593976
838153215745093633	820359704979406848
838153215745093633	2858544049
838153215745093633	797548507985051649
838153215745093633	3082931771
838153215745093633	65592800
838153215745093633	72169826
838153215745093633	2267820278
838153215745093633	803230109125791744
838153215745093633	797656379490205697
838153215745093633	2657270942
838153215745093633	956458891
838153215745093633	758293290944987136
838153215745093633	390524138
838153215745093633	807347756780097542
838153215745093633	792449885941428224
838153215745093633	804826624734674945
838153215745093633	799714877866590209
838153215745093633	3241316686
838153215745093633	802717447317024768
838153215745093633	3389958941
838153215745093633	797494016178790402
838153215745093633	824819100773920768
838153215745093633	2612182367
838153215745093633	2896369468
838153215745093633	123282311
838153215745093633	152437441
838153215745093633	747395572655489024
838153215745093633	822547445276168194
838153215745093633	777935467949985792
838153215745093633	611984389
838153215745093633	767042591200272384
838153215745093633	3419057951
838153215745093633	2854265694
838153215745093633	2965983269
838153215745093633	822983065920225281
838153215745093633	1186894333
838153215745093633	743364150500298752
838153215745093633	1969638937
838153215745093633	2967219963
838153215745093633	353964126
838153215745093633	792076672161943552
838153215745093633	824419090718658560
838153215745093633	819375413055123456
838153215745093633	815999769386565632
838153215745093633	59896909
838153215745093633	733975385147199489
838153215745093633	154212032
838153215745093633	805108561370030083
838153215745093633	718241888189464577
838153215745093633	810480790299611136
838153215745093633	703070679806185473
838153215745093633	818187819575312385
838153215745093633	785115594542747649
838153215745093633	759071249826021377
838153215745093633	817728534265339904
838153215745093633	816423660768600065
838153215745093633	730874918276112384
838153215745093633	432103939
838153215745093633	781120722278113280
838153215745093633	781127815785701384
838153215745093633	3193439271
838153215745093633	806109516928581632
838153215745093633	49552316
838153215745093633	86482203
838153215745093633	47867311
838153215745093633	814385255704645632
838153215745093633	729603475223388160
838153215745093633	824745877252120576
838153215745093633	785490562820427777
838153215745093633	3338871783
838153215745093633	797087723161063424
838153215745093633	810907711202267137
838153215745093633	814453468433760256
838153215745093633	1460861917
838153215745093633	709528905733038080
838153215745093633	816873858615672832
838153215745093633	2386673104
838153215745093633	503728740
838153215745093633	809202843819397120
838153215745093633	3076711261
838153215745093633	3377039469
838153215745093633	2603091061
838153215745093633	2308908079
838153215745093633	59406300
838153215745093633	47830455
838153215745093633	169290610
838153215745093633	779544158167969792
838153215745093633	344929602
838153215745093633	740683282472415232
838153215745093633	302161083
838153215745093633	737960955087355905
838153215745093633	581304454
838153215745093633	823692051422310400
838153215745093633	832709052408832001
838153215745093633	4041774808
838153215745093633	732379965640052736
838153215745093633	825622371772092416
838153215745093633	702715772418682880
838153215745093633	769435711200235520
838153215745093633	460698518
838153215745093633	4742974068
838153215745093633	4604035278
838153215745093633	274272590
838153215745093633	227597872
838153215745093633	3252899454
838153215745093633	1457075726
838153215745093633	804786934593843201
838153215745093633	793804091625316353
838153215745093633	1319334577
838153215745093633	791962197308039168
838153215745093633	821326321917644800
838153215745093633	784827511956013057
838153215745093633	720028743981400065
838153215745093633	815577213852667904
838153215745093633	3299751797
838153215745093633	2226163010
838153215745093633	4824571093
838153215745093633	2182539757
838153215745093633	796085176103305220
838153215745093633	4660374739
838153215745093633	2995256821
838153215745093633	739774886193860608
838153215745093633	2869911946
