861792521999011841	840720127964393473
867103221084454912	840720127964393473
781212197657546752	840720127964393473
864398573433102337	840720127964393473
831382475527987200	840720127964393473
796399129358430208	840720127964393473
852582469010325504	840720127964393473
818386488349995009	840720127964393473
2756943211	840720127964393473
857581669330681857	840720127964393473
848240221535825920	840720127964393473
826595396352954368	840720127964393473
851946102983188481	840720127964393473
4425223341	840720127964393473
3019909300	840720127964393473
840720127964393473	216201838
840720127964393473	431765325
840720127964393473	410409666
840720127964393473	467048692
840720127964393473	16913418
840720127964393473	36746176
840720127964393473	1007298607
840720127964393473	221390506
840720127964393473	9695312
840720127964393473	278662460
840720127964393473	843093144799526914
840720127964393473	273140676
840720127964393473	125150778
840720127964393473	43950575
840720127964393473	3366124972
840720127964393473	24886570
840720127964393473	268414482
840720127964393473	79293791
840720127964393473	21447363
840720127964393473	21111883
840720127964393473	17919972
840720127964393473	23375688
840720127964393473	403245020
840720127964393473	209708391
840720127964393473	27260086
840720127964393473	176566242
840720127964393473	105119490
840720127964393473	158314798
840720127964393473	84279963
840720127964393473	181561712
840720127964393473	15945351
840720127964393473	1409798257
840720127964393473	1173787748
840720127964393473	168683422
840720127964393473	335141638
840720127964393473	822221836712873984
840720127964393473	830903135505903616
840720127964393473	4229397672
840720127964393473	2756943211
