827602074208645120	848320957735456768
2805929705	848320957735456768
866954981743755264	848320957735456768
1032994051	848320957735456768
488627477	848320957735456768
829385336899919872	848320957735456768
491703623	848320957735456768
796430425	848320957735456768
826859470018007042	848320957735456768
863472484653387776	848320957735456768
754406470079348736	848320957735456768
274757956	848320957735456768
860638096441962496	848320957735456768
860259227520159745	848320957735456768
748300332153765888	848320957735456768
859928348553773060	848320957735456768
859552518908502016	848320957735456768
2802553501	848320957735456768
851201748672839680	848320957735456768
4115937124	848320957735456768
846498407149645824	848320957735456768
1446391466	848320957735456768
857668063155687427	848320957735456768
845972362617126913	848320957735456768
850944184882221057	848320957735456768
2946574121	848320957735456768
840999354995474432	848320957735456768
816543882741747712	848320957735456768
116853613	848320957735456768
855824848366559232	848320957735456768
850936566629453824	848320957735456768
854609534224084992	848320957735456768
840771212473176065	848320957735456768
2777508637	848320957735456768
818183924522381313	848320957735456768
854138939791290368	848320957735456768
831743892953432065	848320957735456768
797809030584565761	848320957735456768
770087941410545665	848320957735456768
1442449802	848320957735456768
3626927483	848320957735456768
853038108690046976	848320957735456768
2284231118	848320957735456768
450256716	848320957735456768
836452248829984770	848320957735456768
839358570885963776	848320957735456768
369930263	848320957735456768
148194296	848320957735456768
124817869	848320957735456768
754523439256469504	848320957735456768
2996449915	848320957735456768
851513474354212871	848320957735456768
754818025598095360	848320957735456768
4637464174	848320957735456768
4106046617	848320957735456768
2261925612	848320957735456768
821775950551674883	848320957735456768
1184003239	848320957735456768
843474706187599872	848320957735456768
1866216816	848320957735456768
829883470822461440	848320957735456768
852598626228600832	848320957735456768
852224516071845888	848320957735456768
852107277213601793	848320957735456768
2377695073	848320957735456768
2279958324	848320957735456768
780638932736233473	848320957735456768
4850453098	848320957735456768
798586876743581696	848320957735456768
3261839014	848320957735456768
2863617769	848320957735456768
795208356	848320957735456768
609599019	848320957735456768
1387578217	848320957735456768
842706931265560576	848320957735456768
3316062693	848320957735456768
851703927133405184	848320957735456768
3169678868	848320957735456768
2889481077	848320957735456768
814575904055816192	848320957735456768
837449220923740161	848320957735456768
799795664989417472	848320957735456768
851491701856325632	848320957735456768
3347770672	848320957735456768
1297264633	848320957735456768
851405300766736384	848320957735456768
851398925605117952	848320957735456768
2288868156	848320957735456768
3045573782	848320957735456768
764606216731553793	848320957735456768
844717079165112322	848320957735456768
851230319076405248	848320957735456768
731138821404958720	848320957735456768
713169726	848320957735456768
747682836518428672	848320957735456768
1918561057	848320957735456768
705227473403953152	848320957735456768
749336305113366528	848320957735456768
68004067	848320957735456768
716950082	848320957735456768
850516580912046081	848320957735456768
4783083032	848320957735456768
3164622006	848320957735456768
4114452735	848320957735456768
1909409461	848320957735456768
2591110475	848320957735456768
4077398523	848320957735456768
3035496549	848320957735456768
2534418215	848320957735456768
758446209258315776	848320957735456768
2416803492	848320957735456768
3342827620	848320957735456768
1895067152	848320957735456768
357290598	848320957735456768
2502496562	848320957735456768
833818049136451584	848320957735456768
850420389620613120	848320957735456768
1367180522	848320957735456768
845825764675137536	848320957735456768
850855130178048000	848320957735456768
850621791353552896	848320957735456768
435243456	848320957735456768
816841780792610816	848320957735456768
1969399717	848320957735456768
809374932	848320957735456768
814288753846087680	848320957735456768
757060186972549120	848320957735456768
855208190	848320957735456768
752588646151139328	848320957735456768
356551279	848320957735456768
590447742	848320957735456768
828677760897994755	848320957735456768
1176674418	848320957735456768
145425558	848320957735456768
1855732825	848320957735456768
4428958157	848320957735456768
1599116972	848320957735456768
826858621808017408	848320957735456768
843306671279689728	848320957735456768
845335054524071938	848320957735456768
831225182698237954	848320957735456768
761342109169381377	848320957735456768
2884969558	848320957735456768
2620971789	848320957735456768
2612711248	848320957735456768
820840665957486592	848320957735456768
754390030118977537	848320957735456768
805526941	848320957735456768
809514215396560897	848320957735456768
2334092388	848320957735456768
110077140	848320957735456768
787285807002480640	848320957735456768
2319203685	848320957735456768
810333311792975872	848320957735456768
703631780121702400	848320957735456768
178806970	848320957735456768
2713233408	848320957735456768
260013722	848320957735456768
840293950695100416	848320957735456768
701559541511671809	848320957735456768
804174052504043520	848320957735456768
4231095177	848320957735456768
848320957735456768	236142766
848320957735456768	4921876083
848320957735456768	770087941410545665
848320957735456768	754818025598095360
848320957735456768	839358570885963776
848320957735456768	754855917318004736
848320957735456768	4897712500
848320957735456768	2548772383
848320957735456768	3026370914
848320957735456768	2165801221
848320957735456768	610318384
848320957735456768	369930263
848320957735456768	116853613
848320957735456768	148194296
848320957735456768	818183924522381313
848320957735456768	1184003239
848320957735456768	851634390874689536
848320957735456768	3189003774
848320957735456768	777919669219057664
848320957735456768	849436217590652929
848320957735456768	124817869
848320957735456768	843474706187599872
848320957735456768	1866216816
848320957735456768	2474413602
848320957735456768	852242521187110913
848320957735456768	4782204887
848320957735456768	450256716
848320957735456768	2996449915
848320957735456768	852339642192015360
848320957735456768	851513474354212871
848320957735456768	724068056369115138
848320957735456768	2261925612
848320957735456768	851498797070860289
848320957735456768	836452248829984770
848320957735456768	821775950551674883
848320957735456768	760496901418577921
848320957735456768	419038460
848320957735456768	829883470822461440
848320957735456768	754523439256469504
848320957735456768	3013311928
848320957735456768	4106046617
848320957735456768	760139813412491264
848320957735456768	2644886295
848320957735456768	801529694617305088
848320957735456768	2377695073
848320957735456768	2353451213
848320957735456768	274757956
848320957735456768	4711990820
848320957735456768	2960650896
848320957735456768	723856529997205505
848320957735456768	784994841889533952
848320957735456768	2279958324
848320957735456768	634113633
848320957735456768	2546384456
848320957735456768	729054348785782785
848320957735456768	3261839014
848320957735456768	3226897170
848320957735456768	2192448553
848320957735456768	2323520430
848320957735456768	846756078603964418
848320957735456768	4850453098
848320957735456768	3111817826
848320957735456768	3124399687
848320957735456768	1436159191
848320957735456768	2562464496
848320957735456768	3049546716
848320957735456768	2224068433
848320957735456768	3045045193
848320957735456768	3064724045
848320957735456768	1367180522
848320957735456768	825725482519891970
848320957735456768	831535561
848320957735456768	1598167303
848320957735456768	2666736967
848320957735456768	3032966029
848320957735456768	3220386600
848320957735456768	719419486583959552
848320957735456768	2196263696
848320957735456768	2770733194
848320957735456768	3082718575
848320957735456768	3032863472
848320957735456768	1320809844
848320957735456768	3366722457
848320957735456768	770470850906693632
848320957735456768	798586876743581696
848320957735456768	1118491964
848320957735456768	4837049790
848320957735456768	3439776951
848320957735456768	3365657172
848320957735456768	3195870648
848320957735456768	2468457108
848320957735456768	1652754038
848320957735456768	2205133020
848320957735456768	2172374413
848320957735456768	3290281524
848320957735456768	3256751707
848320957735456768	776055485480902656
848320957735456768	762718084058587136
848320957735456768	4612642580
848320957735456768	1878704706
848320957735456768	2390963900
848320957735456768	1918788961
848320957735456768	2537570472
848320957735456768	1237988300
848320957735456768	783720568415719424
848320957735456768	485644743
848320957735456768	795208356
848320957735456768	609599019
848320957735456768	2681515569
848320957735456768	2863617769
848320957735456768	712992763277549568
848320957735456768	837449220923740161
848320957735456768	1387578217
848320957735456768	812321582936915968
848320957735456768	799795664989417472
848320957735456768	845747387129888769
848320957735456768	851491701856325632
848320957735456768	2841372093
848320957735456768	3230942936
848320957735456768	2288868156
848320957735456768	814575904055816192
848320957735456768	2889481077
848320957735456768	824033162858790915
848320957735456768	764606216731553793
848320957735456768	2923961128
848320957735456768	1120575199
848320957735456768	3439473365
848320957735456768	1963476325
848320957735456768	735257400823980032
848320957735456768	1918561057
848320957735456768	1012126105
848320957735456768	1712759342
848320957735456768	747682836518428672
848320957735456768	1442449802
848320957735456768	705227473403953152
848320957735456768	2183987364
848320957735456768	2915588394
848320957735456768	4859011673
848320957735456768	2610242996
848320957735456768	752967085916053505
848320957735456768	408736973
848320957735456768	751881326
848320957735456768	50460475
848320957735456768	3150249292
848320957735456768	4573333661
848320957735456768	68004067
848320957735456768	750336147189096452
848320957735456768	850516580912046081
848320957735456768	823526144989364225
848320957735456768	716950082
848320957735456768	713169726
848320957735456768	851152996037648384
848320957735456768	2567387205
848320957735456768	4783083032
848320957735456768	851166994103771136
848320957735456768	3164622006
848320957735456768	2236631364
848320957735456768	429556912
848320957735456768	2671429518
848320957735456768	1909409461
848320957735456768	731138821404958720
848320957735456768	2591110475
848320957735456768	160744517
848320957735456768	2907075323
848320957735456768	3035496549
848320957735456768	724125090431025152
848320957735456768	838384102998863873
848320957735456768	758446209258315776
848320957735456768	2534418215
848320957735456768	971492821
848320957735456768	3400697967
848320957735456768	2416803492
848320957735456768	2513107225
848320957735456768	796507000058314752
848320957735456768	2612988391
848320957735456768	833818049136451584
848320957735456768	2502496562
848320957735456768	357290598
848320957735456768	1297264633
848320957735456768	2844415343
848320957735456768	2565075354
848320957735456768	3239233410
848320957735456768	435243456
848320957735456768	816543882741747712
848320957735456768	3316062693
848320957735456768	727254725515730945
848320957735456768	2778557194
848320957735456768	4114452735
848320957735456768	814288753846087680
848320957735456768	3754039577
848320957735456768	1895067152
848320957735456768	557881407
848320957735456768	809374932
848320957735456768	778779285909889024
848320957735456768	1541710244
848320957735456768	1129787664
848320957735456768	757060186972549120
848320957735456768	806183391896961024
848320957735456768	729164108881399808
848320957735456768	855208190
