866971003443789824	850688188876115968
839321708938981376	850688188876115968
860959555022225408	850688188876115968
822610144693551107	850688188876115968
731193867626668032	850688188876115968
851105835002482688	850688188876115968
855577913608986624	850688188876115968
864859411289976832	850688188876115968
863992067717873664	850688188876115968
848485543453143040	850688188876115968
2592319542	850688188876115968
865541650591895552	850688188876115968
866679323180138496	850688188876115968
1395076086	850688188876115968
859208341410562049	850688188876115968
813694250567094272	850688188876115968
863761513177374720	850688188876115968
859721148992430084	850688188876115968
851400630404997121	850688188876115968
866558329157410816	850688188876115968
850523844834021377	850688188876115968
863403674302767104	850688188876115968
846246074381586434	850688188876115968
866330714219855872	850688188876115968
866282423167877121	850688188876115968
850162062059741184	850688188876115968
863812571240906752	850688188876115968
866005687129604097	850688188876115968
802417470459944961	850688188876115968
859216854337937408	850688188876115968
859091982781603840	850688188876115968
4816379775	850688188876115968
865871921832878080	850688188876115968
860832908063408130	850688188876115968
863306359906775041	850688188876115968
848752521925480449	850688188876115968
861594079825600513	850688188876115968
857161952631586816	850688188876115968
739441004957294592	850688188876115968
843104226247041024	850688188876115968
865079087907225600	850688188876115968
731697397319897088	850688188876115968
854758229129084928	850688188876115968
864734273189814272	850688188876115968
853047709913145344	850688188876115968
859695721166983169	850688188876115968
864125589547962369	850688188876115968
859748536337944576	850688188876115968
847289670085902338	850688188876115968
1269275634	850688188876115968
864396379413553153	850688188876115968
859618966490271745	850688188876115968
730128545595445248	850688188876115968
859145169563602944	850688188876115968
846201282092163073	850688188876115968
835490407165362177	850688188876115968
863225116867440640	850688188876115968
863781629491257344	850688188876115968
852107430636990465	850688188876115968
793638096634011648	850688188876115968
742024880833495041	850688188876115968
814163421231009796	850688188876115968
820500680393760768	850688188876115968
860015858709483520	850688188876115968
862773598842474496	850688188876115968
852788998770577408	850688188876115968
840960112080625667	850688188876115968
863285669212241920	850688188876115968
2687212130	850688188876115968
863192439980343296	850688188876115968
863189864979628032	850688188876115968
835994987473022978	850688188876115968
4604538316	850688188876115968
861881368682184705	850688188876115968
850324233758453760	850688188876115968
832739935643840513	850688188876115968
838766000539521026	850688188876115968
860447321233932288	850688188876115968
850551555409362944	850688188876115968
855674696527880192	850688188876115968
852740193253597185	850688188876115968
2940264553	850688188876115968
856730205041311744	850688188876115968
852376214010331136	850688188876115968
705373894018924544	850688188876115968
4057194974	850688188876115968
787256105231450113	850688188876115968
727005352617611264	850688188876115968
859304416146477057	850688188876115968
4471262352	850688188876115968
3123279805	850688188876115968
844297749310816256	850688188876115968
733805733792219136	850688188876115968
842071237027336192	850688188876115968
834507926844866561	850688188876115968
861606500158001152	850688188876115968
861925102140612608	850688188876115968
859843678671654912	850688188876115968
859758790861664257	850688188876115968
858272322620342272	850688188876115968
849990956954898433	850688188876115968
852380390945718273	850688188876115968
836114906831183872	850688188876115968
843788319729246208	850688188876115968
1464464996	850688188876115968
86383244	850688188876115968
860099423833006081	850688188876115968
833627626937872384	850688188876115968
3036159180	850688188876115968
859287331919994881	850688188876115968
846037966057361418	850688188876115968
860821439032602624	850688188876115968
860687897048956928	850688188876115968
4654289234	850688188876115968
820367963891073026	850688188876115968
851443751318769664	850688188876115968
830370531639652352	850688188876115968
844503786190090240	850688188876115968
834685282020569089	850688188876115968
492113300	850688188876115968
860392260650713088	850688188876115968
860383922403684352	850688188876115968
859973569396080640	850688188876115968
860366237049561092	850688188876115968
847792519496716288	850688188876115968
848013688791416833	850688188876115968
792904539263426564	850688188876115968
857608472212512769	850688188876115968
819940641086074880	850688188876115968
857181289404706818	850688188876115968
782105116287442944	850688188876115968
856069226016026624	850688188876115968
859578999353126912	850688188876115968
848515979080474624	850688188876115968
859742414742761472	850688188876115968
859828083817422858	850688188876115968
859795123256688641	850688188876115968
2904295049	850688188876115968
838877794788655106	850688188876115968
823064422533005313	850688188876115968
850439934867537921	850688188876115968
3990423797	850688188876115968
852170287080775680	850688188876115968
852917503135186944	850688188876115968
843102027378913280	850688188876115968
857777556447043585	850688188876115968
849983603354116097	850688188876115968
859081644925374464	850688188876115968
3278909617	850688188876115968
844791478740135936	850688188876115968
844438193638379520	850688188876115968
851077873045602308	850688188876115968
847383223294337024	850688188876115968
829575487638880256	850688188876115968
4429777361	850688188876115968
855453412493799426	850688188876115968
858740837412483072	850688188876115968
858026893685121024	850688188876115968
837502856936706048	850688188876115968
853098283471740929	850688188876115968
851019508206587904	850688188876115968
858673264511418372	850688188876115968
738660834864336896	850688188876115968
858546163254829056	850688188876115968
844034178148524032	850688188876115968
854118504915759104	850688188876115968
824218859682996224	850688188876115968
851725184486838273	850688188876115968
820338870051110912	850688188876115968
858087827460034560	850688188876115968
858004033394454528	850688188876115968
845582110782054401	850688188876115968
850733769816383489	850688188876115968
854136459216928768	850688188876115968
851752929904259072	850688188876115968
843406288272875520	850688188876115968
839782536372895744	850688188876115968
857756267858677760	850688188876115968
842308472016273408	850688188876115968
235459581	850688188876115968
829349388161986560	850688188876115968
849729915633238016	850688188876115968
4077236352	850688188876115968
835667142976520193	850688188876115968
1595297738	850688188876115968
835982696836825088	850688188876115968
855516712619450368	850688188876115968
830717830240755712	850688188876115968
845258786809905152	850688188876115968
827943614223314945	850688188876115968
856693405925212160	850688188876115968
856850695135281152	850688188876115968
839502607206989825	850688188876115968
736133497761366016	850688188876115968
841655812410003458	850688188876115968
820829152899010560	850688188876115968
792634541911314432	850688188876115968
848271193215979520	850688188876115968
744534596432191488	850688188876115968
788886119739822080	850688188876115968
850688188876115968	2410416583
850688188876115968	802101090728738816
850688188876115968	832514061401067520
850688188876115968	842727243738570752
850688188876115968	805845627573772288
850688188876115968	813275285453836289
850688188876115968	838766000539521026
850688188876115968	1121958428
850688188876115968	1308002496
850688188876115968	1444963836
850688188876115968	2366554274
850688188876115968	2553865562
850688188876115968	826941558532354051
850688188876115968	2647040463
850688188876115968	4783176456
850688188876115968	767037277830721536
850688188876115968	812261070626783232
850688188876115968	827688648946626560
850688188876115968	836615863415406592
850688188876115968	852571723954245633
850688188876115968	853229076827353093
850688188876115968	189080270
850688188876115968	2656846470
850688188876115968	2717591134
850688188876115968	3262036779
850688188876115968	4637909962
850688188876115968	4925662939
850688188876115968	700994853811920896
850688188876115968	713684766126514177
850688188876115968	752887181123919872
850688188876115968	757617421708439552
850688188876115968	782029960236048385
850688188876115968	817324451104583680
850688188876115968	820602583152619520
850688188876115968	826114469558247424
850688188876115968	836327105570930690
850688188876115968	847760996756111360
850688188876115968	767394816456069121
850688188876115968	849968692834074624
850688188876115968	824908314312110081
850688188876115968	853892252975878144
850688188876115968	854736924883464193
850688188876115968	816981127730601985
850688188876115968	839185999884353536
850688188876115968	846048468078518272
850688188876115968	849428946252947458
850688188876115968	829272298809126913
850688188876115968	3239097937
850688188876115968	2678831289
850688188876115968	853685071265624064
850688188876115968	833627626937872384
850688188876115968	806466201702395904
850688188876115968	851447548115959809
850688188876115968	851929256930099200
850688188876115968	758290542493069312
850688188876115968	833894182766919682
850688188876115968	851450199629111297
850688188876115968	809648027732475904
850688188876115968	3020252294
850688188876115968	772712281419284480
850688188876115968	772712281419284480
850688188876115968	821692396589064194
850688188876115968	715619412796157956
850688188876115968	790542922915598336
850688188876115968	3105570702
850688188876115968	851824190202286081
850688188876115968	86383244
850688188876115968	806855492433625089
850688188876115968	851020650416361473
850688188876115968	730353432469471234
850688188876115968	829961038179221504
850688188876115968	4902378024
850688188876115968	847986482568679424
850688188876115968	820712160389201925
850688188876115968	2939314041
850688188876115968	2632184991
850688188876115968	704892002022850560
850688188876115968	384151243
850688188876115968	3300422950
850688188876115968	2919585363
850688188876115968	851917342523219974
850688188876115968	2568856470
850688188876115968	74277241
850688188876115968	852000098544439296
850688188876115968	832453268999507969
850688188876115968	851984220922576897
850688188876115968	833640965919240192
850688188876115968	848323618454896642
850688188876115968	852016920991719425
850688188876115968	497467904
850688188876115968	851868047778340864
850688188876115968	852025393276100609
850688188876115968	852059021553029120
850688188876115968	851116059918712833
850688188876115968	2333561917
850688188876115968	728905272219963392
850688188876115968	449486923
850688188876115968	803168466375090176
850688188876115968	291577763
850688188876115968	830791331203084288
850688188876115968	793056825172078592
850688188876115968	839684466196926464
850688188876115968	3186049537
850688188876115968	2839086098
850688188876115968	1308476712
850688188876115968	850611446505328641
850688188876115968	852077342230851584
850688188876115968	784125630682193920
850688188876115968	850678582145724416
850688188876115968	2511505626
850688188876115968	852395035546996736
850688188876115968	4242098784
850688188876115968	851873452118097920
850688188876115968	745955178826760193
850688188876115968	852405633110253568
850688188876115968	843355530001231873
850688188876115968	852106645278793728
850688188876115968	718356089494990848
850688188876115968	788407249727348736
850688188876115968	1118083807
850688188876115968	4858640719
850688188876115968	313125631
850688188876115968	3148797404
850688188876115968	569647610
850688188876115968	852458314722095104
850688188876115968	845972757368061952
850688188876115968	852240585931051009
850688188876115968	728102017122459651
850688188876115968	852201211491213312
850688188876115968	815645880615366658
850688188876115968	852043792731394050
850688188876115968	744394419294502912
850688188876115968	852445345179082752
850688188876115968	2939284602
850688188876115968	804961803083993088
850688188876115968	852365591432265729
850688188876115968	2625897863
850688188876115968	851462601364185089
850688188876115968	843445084502728705
850688188876115968	2939996578
850688188876115968	852545369925758978
850688188876115968	823966543537209346
850688188876115968	1006858580
850688188876115968	851739463600549888
850688188876115968	3199310441
850688188876115968	850504029549481984
850688188876115968	3313314487
850688188876115968	745972417424547840
850688188876115968	852575838906310660
850688188876115968	1330454706
850688188876115968	585167677
850688188876115968	2436748504
850688188876115968	852604143814533127
850688188876115968	754403517532700673
850688188876115968	787401146063290368
850688188876115968	818955105680560128
850688188876115968	830670895836336129
850688188876115968	4595787709
850688188876115968	142784399
850688188876115968	826914563107016704
850688188876115968	845712726580178948
850688188876115968	847293467860410369
850688188876115968	2839733927
850688188876115968	838188308668665856
850688188876115968	3239952655
850688188876115968	852658943264468992
850688188876115968	2779707918
850688188876115968	838790758912024578
850688188876115968	711012944440594432
850688188876115968	1470874046
850688188876115968	698309156823003136
850688188876115968	3331497561
850688188876115968	731992026
850688188876115968	852714419612131328
850688188876115968	2757514043
850688188876115968	847321440718209026
850688188876115968	313876686
850688188876115968	802736012015194112
850688188876115968	749088793022439424
850688188876115968	2221891032
850688188876115968	3383478353
850688188876115968	852370525691166721
850688188876115968	832992587573129216
850688188876115968	819552590698409989
850688188876115968	825324866031149056
850688188876115968	852834531748986885
850688188876115968	781820900958023680
850688188876115968	1596870799
850688188876115968	786489603649708032
850688188876115968	852788036056211456
850688188876115968	838489068635832322
850688188876115968	2889732641
850688188876115968	804427361966051332
850688188876115968	776649294308749313
850688188876115968	830716881442967553
850688188876115968	556931823
850688188876115968	3245120752
850688188876115968	845825764675137536
850688188876115968	719385072185397248
850688188876115968	844725785311137793
