936126949	854199712660037632
718341125204025345	854199712660037632
861264515886850048	854199712660037632
861144290583494656	854199712660037632
405271554	854199712660037632
854696421433393152	854199712660037632
2366584585	854199712660037632
236505066	854199712660037632
854886134048051200	854199712660037632
2999272314	854199712660037632
1348235444	854199712660037632
1284621318	854199712660037632
1073725394	854199712660037632
854199712660037632	9695312
854199712660037632	17929027
854199712660037632	278834776
854199712660037632	573299587
854199712660037632	956888370
854199712660037632	1402988305
854199712660037632	94154393
854199712660037632	3030158859
854199712660037632	1173787748
854199712660037632	1409798257
854199712660037632	335141638
854199712660037632	2366584585
854199712660037632	587953131
854199712660037632	1348235444
854199712660037632	199914421
854199712660037632	4730829241
854199712660037632	293025581
854199712660037632	619329456
854199712660037632	2565938327
854199712660037632	338172804
854199712660037632	758497950054096896
854199712660037632	1388613961
854199712660037632	778657140244418560
854199712660037632	3229411587
854199712660037632	876175536
854199712660037632	114627663
854199712660037632	1195355149
854199712660037632	17659079
854199712660037632	995450437
854199712660037632	1855596344
854199712660037632	229107583
854199712660037632	81372897
854199712660037632	3133796197
854199712660037632	2797121234
854199712660037632	3309491825
854199712660037632	2999272314
854199712660037632	2771333541
854199712660037632	405271554
854199712660037632	2733155366
854199712660037632	936126949
854199712660037632	1284621318
854199712660037632	2171103094
854199712660037632	3394693755
854199712660037632	3398113720
854199712660037632	2222170950
854199712660037632	1966923529
854199712660037632	292964619
854199712660037632	21712038
854199712660037632	814242314
854199712660037632	482503127
854199712660037632	1073725394
854199712660037632	785815993721483264
854199712660037632	326828340
854199712660037632	2660917364
854199712660037632	236505066
854199712660037632	116853613
854199712660037632	743261733670707200
854199712660037632	2396774330
854199712660037632	1640766060
854199712660037632	2556172338
854199712660037632	2793161286
