822843455894388737	858504239643070465
2737678418	858504239643070465
708022790578950144	858504239643070465
35595347	858504239643070465
786425028913033216	858504239643070465
3431687692	858504239643070465
560742763	858504239643070465
3355886591	858504239643070465
2675976149	858504239643070465
2479132789	858504239643070465
858504239643070465	708022790578950144
858504239643070465	788137738788868100
858504239643070465	729054120330530817
858504239643070465	718189710108205056
858504239643070465	746398069118337024
858504239643070465	3537280517
858504239643070465	745000251535278080
858504239643070465	2885089143
858504239643070465	798646017725960193
858504239643070465	4889196502
858504239643070465	1145874476
858504239643070465	705103428771573760
858504239643070465	848916983345295360
858504239643070465	845277628592508928
858504239643070465	768910633333063680
858504239643070465	789997058820280320
858504239643070465	836019821988970496
858504239643070465	808834713737633798
858504239643070465	743596406817030145
858504239643070465	800978314450075648
858504239643070465	1312224074
858504239643070465	796437379103989760
858504239643070465	2760972898
858504239643070465	808741769970089984
858504239643070465	2911779059
858504239643070465	812412776073330689
858504239643070465	2450384742
858504239643070465	786425028913033216
858504239643070465	2790318871
858504239643070465	2902555991
858504239643070465	726400402409791488
858504239643070465	794851836578693120
858504239643070465	1912037646
858504239643070465	3634863253
858504239643070465	736606560143745025
858504239643070465	760335859
858504239643070465	95995305
858504239643070465	794375148040241162
858504239643070465	21390674
858504239643070465	732974455769726976
858504239643070465	849405574718644229
858504239643070465	773690621991251968
858504239643070465	761344789442879489
858504239643070465	35595347
858504239643070465	2798318948
858504239643070465	842384365199994882
858504239643070465	4877055081
858504239643070465	827269849
858504239643070465	807740382473834496
858504239643070465	797532476608512000
858504239643070465	2675976149
858504239643070465	19394887
858504239643070465	760108887949344768
858504239643070465	49781518
858504239643070465	3416225159
858504239643070465	1911789204
858504239643070465	3364039395
858504239643070465	827850000252145668
858504239643070465	821366899304964098
858504239643070465	3355886591
858504239643070465	792905477915045888
858504239643070465	838041230831386624
858504239643070465	3418325577
858504239643070465	251716551
858504239643070465	179072475
858504239643070465	2499612649
858504239643070465	3464137095
858504239643070465	538142692
858504239643070465	19186180
858504239643070465	560742763
858504239643070465	3431687692
858504239643070465	838392345343242240
858504239643070465	706526213267976192
858504239643070465	726736474574585860
858504239643070465	2983391830
858504239643070465	763452552809766912
858504239643070465	4182615099
858504239643070465	2263649111
858504239643070465	2282439902
858504239643070465	2274743630
858504239643070465	605680555
858504239643070465	822202891259756544
858504239643070465	2878043537
858504239643070465	2450567395
858504239643070465	3545356816
858504239643070465	1573913173
858504239643070465	784852549748875264
858504239643070465	2847005423
858504239643070465	2479132789
858504239643070465	1072228633
858504239643070465	2737678418
858504239643070465	761870796453208064
858504239643070465	787714692231954432
858504239643070465	2261711443
858504239643070465	817020036045017088
858504239643070465	408665895
858504239643070465	788844123218407425
858504239643070465	2896126163
858504239643070465	3078373308
858504239643070465	383394396
