22326665	859061925757538304
750135282431909889	859061925757538304
857028421599219712	859061925757538304
819998280918700032	859061925757538304
4826469682	859061925757538304
4186972377	859061925757538304
3943464334	859061925757538304
859166614373138432	859061925757538304
852582469010325504	859061925757538304
756150378089947138	859061925757538304
832380661143109633	859061925757538304
601964344	859061925757538304
4696373779	859061925757538304
800873948363816961	859061925757538304
859070584159965184	859061925757538304
859061925757538304	1973815232
859061925757538304	2178480786
859061925757538304	762164038981722112
859061925757538304	816880283362426881
859061925757538304	775116125541691392
859061925757538304	799959477004996608
859061925757538304	859073425725370374
859061925757538304	827724724105003008
859061925757538304	316514987
859061925757538304	487118986
859061925757538304	156773534
859061925757538304	833445525248565248
859061925757538304	859166614373138432
859061925757538304	1043510725
859061925757538304	856647123634442240
859061925757538304	841442282289127424
859061925757538304	608663998
859061925757538304	846031031627141121
859061925757538304	790262570355662848
859061925757538304	787284299913367552
859061925757538304	773919040125403136
859061925757538304	818723610751709184
859061925757538304	816764293026873344
859061925757538304	2417938687
859061925757538304	842895125734981632
859061925757538304	3943464334
859061925757538304	1513854438
859061925757538304	2391232105
859061925757538304	168683422
859061925757538304	1878450026
859061925757538304	1409798257
859061925757538304	335141638
859061925757538304	817780957453438977
859061925757538304	756150378089947138
859061925757538304	1419467137
859061925757538304	601964344
859061925757538304	859070584159965184
859061925757538304	1677371072
859061925757538304	1387186148
859061925757538304	798653024981745664
859061925757538304	849510771675598850
859061925757538304	116853613
859061925757538304	4101776253
859061925757538304	821775950551674883
859061925757538304	745049050039336960
859061925757538304	805335842252173313
859061925757538304	800873948363816961
859061925757538304	4826469682
859061925757538304	4679568572
859061925757538304	854314926692806657
859061925757538304	2376901406
859061925757538304	827476946925735936
859061925757538304	1933298288
859061925757538304	1288980416
859061925757538304	846576129993592832
859061925757538304	819998280918700032
859061925757538304	4696373779
859061925757538304	2209428337
859061925757538304	2397222006
859061925757538304	788221665977270272
859061925757538304	853617155841175553
