859780135062556672	859096658239528961
724312274417029121	859096658239528961
860963022499717121	859096658239528961
718181810946056192	859096658239528961
3015861524	859096658239528961
855052326847094785	859096658239528961
866465176547098628	859096658239528961
837164428562944001	859096658239528961
763957612832358405	859096658239528961
863945267778867200	859096658239528961
866010152910168064	859096658239528961
802282210858397696	859096658239528961
866031519688777729	859096658239528961
476167399	859096658239528961
2326160688	859096658239528961
846173729705025536	859096658239528961
865622384618872833	859096658239528961
309231169	859096658239528961
1178976920	859096658239528961
4748658587	859096658239528961
792465449053290498	859096658239528961
859567917855371264	859096658239528961
815625043078221824	859096658239528961
806339596606914560	859096658239528961
862744106631548928	859096658239528961
860811219350863873	859096658239528961
22326665	859096658239528961
768583277984833537	859096658239528961
859993028764745728	859096658239528961
861702416311369728	859096658239528961
1397574751	859096658239528961
861394048120221696	859096658239528961
857091923215044609	859096658239528961
861223869624930305	859096658239528961
878804402	859096658239528961
961298816	859096658239528961
761964376438046720	859096658239528961
1400790212	859096658239528961
859808444982984704	859096658239528961
826760210257678337	859096658239528961
860970553317969920	859096658239528961
718151401373843456	859096658239528961
854116793597689857	859096658239528961
860920631398981632	859096658239528961
781296776838012933	859096658239528961
860894818792337413	859096658239528961
1169995513	859096658239528961
853367966267830272	859096658239528961
838110053303468032	859096658239528961
859183302342832128	859096658239528961
4518323542	859096658239528961
3432054256	859096658239528961
846477614273482753	859096658239528961
859843327050604544	859096658239528961
1315673298	859096658239528961
814583818782785536	859096658239528961
3374983792	859096658239528961
4883661233	859096658239528961
740304152341839873	859096658239528961
859070966541844481	859096658239528961
851942925143597057	859096658239528961
370715601	859096658239528961
859073522181824512	859096658239528961
851405960748859394	859096658239528961
859096658239528961	859780135062556672
859096658239528961	3346883385
859096658239528961	758318399642595328
859096658239528961	299151694
859096658239528961	724312274417029121
859096658239528961	718181810946056192
859096658239528961	3334791191
859096658239528961	4099153559
859096658239528961	857278896902942720
859096658239528961	865365652122595328
859096658239528961	2883841
859096658239528961	3009169199
859096658239528961	2326329642
859096658239528961	954632082
859096658239528961	705177412070477824
859096658239528961	855052326847094785
859096658239528961	569558157
859096658239528961	3015861524
859096658239528961	4719855682
859096658239528961	791755852353069056
859096658239528961	843258930449055748
859096658239528961	800006803064909824
859096658239528961	486171777
859096658239528961	309231169
859096658239528961	792466955043217409
859096658239528961	1178976920
859096658239528961	826476532419932161
859096658239528961	3044811316
859096658239528961	859567917855371264
859096658239528961	859407993997283328
859096658239528961	17243213
859096658239528961	9695312
859096658239528961	278662460
859096658239528961	859096799663063041
859096658239528961	843093144799526914
859096658239528961	714486872370614276
859096658239528961	221390506
859096658239528961	707038790997508096
859096658239528961	798586876743581696
859096658239528961	701565681557512192
859096658239528961	721038080308822017
859096658239528961	754851968384983040
859096658239528961	17659206
859096658239528961	524974387
859096658239528961	816529475248816128
859096658239528961	835284465102503942
859096658239528961	800120878981754881
859096658239528961	400984781
859096658239528961	1397574751
859096658239528961	19788277
859096658239528961	2841372093
859096658239528961	807624002143453190
859096658239528961	706569040882507776
859096658239528961	3129056526
859096658239528961	831015262765858819
859096658239528961	50460475
859096658239528961	813432153774190593
859096658239528961	2536125951
859096658239528961	764309359438524417
859096658239528961	793184091671699458
859096658239528961	878804402
859096658239528961	4837049790
859096658239528961	793686092067119104
859096658239528961	845139895718895616
859096658239528961	3302874686
859096658239528961	961298816
859096658239528961	761964376438046720
859096658239528961	826760210257678337
859096658239528961	725599416904622080
859096658239528961	859266048050302976
859096658239528961	2668731250
859096658239528961	741378126475866112
859096658239528961	451032859
859096658239528961	859109227637477376
859096658239528961	781296776838012933
859096658239528961	767750563857567744
859096658239528961	718151401373843456
859096658239528961	4884994216
859096658239528961	759177585066672128
859096658239528961	859864808107249665
859096658239528961	1400790212
859096658239528961	273140676
859096658239528961	2903614320
859096658239528961	150206989
859096658239528961	717337214267428866
859096658239528961	802495404466118656
859096658239528961	816097019844497409
859096658239528961	383856958
859096658239528961	4041800398
859096658239528961	3230942936
859096658239528961	835516824821194753
859096658239528961	59325073
859096658239528961	391015641
859096658239528961	1855732825
859096658239528961	779762509599412226
859096658239528961	4389914302
859096658239528961	814287147310182401
859096658239528961	735339399421001728
859096658239528961	3035826855
859096658239528961	793723219677093888
859096658239528961	873793538
859096658239528961	727968072229900288
859096658239528961	796579760893784065
859096658239528961	2830571034
859096658239528961	2886204869
859096658239528961	2568281612
859096658239528961	1317420750
859096658239528961	802537413042114560
859096658239528961	768911623738183680
859096658239528961	704445284416430080
859096658239528961	10228272
859096658239528961	1173787748
859096658239528961	4333058602
859096658239528961	3314485566
859096658239528961	1878450026
859096658239528961	3030158859
859096658239528961	1409798257
859096658239528961	168683422
859096658239528961	568871711
859096658239528961	1315673298
859096658239528961	839840266408378369
859096658239528961	841012987238469632
859096658239528961	798971846066634763
859096658239528961	335141638
859096658239528961	419038460
859096658239528961	335076235
859096658239528961	4518323542
859096658239528961	1120575199
859096658239528961	1972702712
859096658239528961	1365540222
859096658239528961	783796224847704065
859096658239528961	851942925143597057
859096658239528961	4877283849
859096658239528961	3374983792
859096658239528961	729054348785782785
859096658239528961	4305496332
859096658239528961	755595246
859096658239528961	2664799452
859096658239528961	147448614
859096658239528961	859070966541844481
859096658239528961	4715277772
859096658239528961	3432054256
859096658239528961	3054630532
859096658239528961	3974170814
859096658239528961	858411359658283009
859096658239528961	3430005177
859096658239528961	815970651257376768
859096658239528961	832612876091273216
859096658239528961	474538519
859096658239528961	854116793597689857
859096658239528961	828077900284977152
859096658239528961	841791588636495872
859096658239528961	859236331985276928
859096658239528961	304615758
859096658239528961	811630822864408577
859096658239528961	566531048
859096658239528961	712119958038298625
859096658239528961	826625799717482496
859096658239528961	4883661233
859096658239528961	839179948149653504
859096658239528961	1599320912
859096658239528961	1126233600
859096658239528961	814583818782785536
859096658239528961	922422620
859096658239528961	852221281453965313
859096658239528961	854112669388951552
859096658239528961	800458007406473216
859096658239528961	783855390706499584
859096658239528961	3390398213
859096658239528961	740304152341839873
859096658239528961	370715601
859096658239528961	787297715562708992
859096658239528961	802730159220682753
859096658239528961	859277811688759302
859096658239528961	4070960097
859096658239528961	830505434125590532
859096658239528961	851405960748859394
859096658239528961	715506011919015938
859096658239528961	799358599806025728
859096658239528961	2647005423
859096658239528961	726861226785927168
859096658239528961	1514243551
859096658239528961	2326160688
