827001849458864128	859149407396253696
731290639560806402	859149407396253696
3294798547	859149407396253696
854704070900232197	859149407396253696
710251605103345664	859149407396253696
812373285073719297	859149407396253696
859149407396253696	828516025339625472
859149407396253696	1075322286
859149407396253696	116853613
859149407396253696	742105923385200640
859149407396253696	2556172338
859149407396253696	731290639560806402
859149407396253696	3078654066
859149407396253696	4709022676
859149407396253696	854704070900232197
859149407396253696	706524330658811905
859149407396253696	786364820761174017
859149407396253696	143835534
859149407396253696	76664119
859149407396253696	768264096810532865
859149407396253696	3294798547
859149407396253696	758497950054096896
859149407396253696	812373285073719297
859149407396253696	785815993721483264
859149407396253696	3914920175
859149407396253696	226169260
859149407396253696	703067968624828416
859149407396253696	3874537516
859149407396253696	797396104149016576
859149407396253696	376586490
859149407396253696	1348235444
859149407396253696	2742112833
859149407396253696	786461248938319873
859149407396253696	766334104203853824
859149407396253696	779533844110254081
859149407396253696	116518454
859149407396253696	795224868291649536
859149407396253696	54203675
859149407396253696	727946043246190592
859149407396253696	827001849458864128
859149407396253696	841025734579761152
859149407396253696	1518435949
859149407396253696	296408669
859149407396253696	844367333409918976
859149407396253696	4729642559
859149407396253696	426146744
859149407396253696	796660096948469760
859149407396253696	58531272
859149407396253696	808609376860864513
859149407396253696	757060992530612225
859149407396253696	1117317140
859149407396253696	789525404000268288
859149407396253696	280701704
859149407396253696	2996449915
859149407396253696	849047406008307712
859149407396253696	717910585573261312
859149407396253696	716363533
859149407396253696	814496006930763776
859149407396253696	787285807002480640
859149407396253696	838224983952396289
859149407396253696	780223200831602688
