778471271419879424	859162692665454592
4889720557	859162692665454592
859294938089091072	859162692665454592
2218952618	859162692665454592
843940509848686592	859162692665454592
4765527030	859162692665454592
731290639560806402	859162692665454592
3064647179	859162692665454592
851241678874845184	859162692665454592
814178659670130689	859162692665454592
809148804092006401	859162692665454592
867500727131885569	859162692665454592
831371361650094080	859162692665454592
857984497660211200	859162692665454592
751426972807344129	859162692665454592
4536457415	859162692665454592
860502792892493824	859162692665454592
2583185859	859162692665454592
858891018724311040	859162692665454592
363216459	859162692665454592
866556602601455617	859162692665454592
731138821404958720	859162692665454592
2873168987	859162692665454592
850517774195712001	859162692665454592
1416670694	859162692665454592
2619650299	859162692665454592
805108561370030083	859162692665454592
813546332682076160	859162692665454592
859389687919783936	859162692665454592
588628187	859162692665454592
820991256373370880	859162692665454592
1134719952	859162692665454592
2230277538	859162692665454592
816586692509302784	859162692665454592
823540911426727936	859162692665454592
778011781251956736	859162692665454592
862126469367070726	859162692665454592
820716384451694592	859162692665454592
825117035713687553	859162692665454592
832671708343476225	859162692665454592
862885883770396672	859162692665454592
866088440193875968	859162692665454592
722437108804227076	859162692665454592
860179670716887041	859162692665454592
796789654288814081	859162692665454592
821556405639507969	859162692665454592
815125983628001280	859162692665454592
118241641	859162692665454592
814288753846087680	859162692665454592
803756179	859162692665454592
1398037759	859162692665454592
2154182889	859162692665454592
829939262300778496	859162692665454592
3846547679	859162692665454592
1589359776	859162692665454592
828360481186406400	859162692665454592
799979931438555136	859162692665454592
817196341944270848	859162692665454592
839688848619753474	859162692665454592
254086651	859162692665454592
849396952123006981	859162692665454592
987705313	859162692665454592
821775950551674883	859162692665454592
829883470822461440	859162692665454592
842179056498008064	859162692665454592
829960647970521088	859162692665454592
788221665977270272	859162692665454592
625129596	859162692665454592
2556012305	859162692665454592
866266001930899456	859162692665454592
748300332153765888	859162692665454592
797943815453704193	859162692665454592
1459659577	859162692665454592
814193811920396288	859162692665454592
1141298000	859162692665454592
820840665957486592	859162692665454592
798653024981745664	859162692665454592
808442311764045825	859162692665454592
3222697104	859162692665454592
866073966619832320	859162692665454592
720336652095381504	859162692665454592
782710556654460929	859162692665454592
787851296	859162692665454592
792051894369808384	859162692665454592
160650487	859162692665454592
802450499157000192	859162692665454592
848668475627376641	859162692665454592
752588646151139328	859162692665454592
409543254	859162692665454592
2844415343	859162692665454592
813432153774190593	859162692665454592
841725393296064512	859162692665454592
809775523010322436	859162692665454592
2982252760	859162692665454592
831362575992496128	859162692665454592
775056401701933056	859162692665454592
4475510122	859162692665454592
714993762854899712	859162692665454592
822862545342070784	859162692665454592
815340072035844098	859162692665454592
865959183056859136	859162692665454592
2861127963	859162692665454592
398470557	859162692665454592
51214994	859162692665454592
3866019682	859162692665454592
4410515674	859162692665454592
859431624739520512	859162692665454592
739985545200316416	859162692665454592
856941444141076480	859162692665454592
864852504361697285	859162692665454592
812427645153579009	859162692665454592
813809369351647232	859162692665454592
855915490849542144	859162692665454592
795421252555051008	859162692665454592
801529694617305088	859162692665454592
863798650333540352	859162692665454592
779139905817550848	859162692665454592
735289239013888009	859162692665454592
859279024585138176	859162692665454592
4322514035	859162692665454592
856181327300890624	859162692665454592
810311960512303106	859162692665454592
863590050109562885	859162692665454592
1076787896	859162692665454592
268612024	859162692665454592
841039162790801409	859162692665454592
338013930	859162692665454592
816825499485925376	859162692665454592
860138580324364288	859162692665454592
859171884000313345	859162692665454592
810333311792975872	859162692665454592
3228459725	859162692665454592
701162568065359872	859162692665454592
545414421	859162692665454592
859092487389970432	859162692665454592
610429388	859162692665454592
371980633	859162692665454592
396644908	859162692665454592
1515805326	859162692665454592
3132967436	859162692665454592
861342680911138816	859162692665454592
834595456755851264	859162692665454592
2864079055	859162692665454592
859953626155962369	859162692665454592
761648573008207872	859162692665454592
1350591949	859162692665454592
806175026416328705	859162692665454592
826889570037829632	859162692665454592
769568250845863936	859162692665454592
801303697712185344	859162692665454592
718844179871350785	859162692665454592
799688100771336192	859162692665454592
611322911	859162692665454592
846477614273482753	859162692665454592
3145305068	859162692665454592
1445328547	859162692665454592
767437618984419328	859162692665454592
2696172654	859162692665454592
859523809761779712	859162692665454592
859125579811102721	859162692665454592
804627355058733056	859162692665454592
838018189321609217	859162692665454592
859162692665454592	2218952618
859162692665454592	819675116984561664
859162692665454592	731290639560806402
859162692665454592	2308908079
859162692665454592	2579539724
859162692665454592	731873915107221504
859162692665454592	843940509848686592
859162692665454592	2258439795
859162692665454592	846450451625230337
859162692665454592	3064647179
859162692665454592	729054348785782785
859162692665454592	546992180
859162692665454592	4861993593
859162692665454592	851951856943235074
859162692665454592	4889720557
859162692665454592	630697155
859162692665454592	3150249292
859162692665454592	715506011919015938
859162692665454592	796507000058314752
859162692665454592	2442811705
859162692665454592	4352087914
859162692665454592	2431070312
859162692665454592	778471271419879424
859162692665454592	809271755030282240
859162692665454592	695050636799406080
859162692665454592	821108634981695488
859162692665454592	4765527030
859162692665454592	847499299915145222
859162692665454592	1497027697
859162692665454592	4765566258
859162692665454592	4921876083
859162692665454592	4830644097
859162692665454592	3656462021
859162692665454592	796836783942156288
859162692665454592	851241678874845184
859162692665454592	804410358215622656
859162692665454592	813166072476106752
859162692665454592	814178659670130689
859162692665454592	831371361650094080
859162692665454592	814869486910242816
859162692665454592	838478472666300417
859162692665454592	859099246393425920
859162692665454592	818993023656849408
859162692665454592	859078487956697089
859162692665454592	863952324083023874
859162692665454592	1581687973
859162692665454592	3100560206
859162692665454592	727254725515730945
859162692665454592	749085150592499712
859162692665454592	822594829515419650
859162692665454592	860699984206983169
859162692665454592	861109592473948160
859162692665454592	2583185859
859162692665454592	859389687919783936
859162692665454592	787285807002480640
859162692665454592	770470850906693632
859162692665454592	112044004
859162692665454592	2534418215
859162692665454592	2671429518
859162692665454592	751426972807344129
859162692665454592	3298132698
859162692665454592	834400010620039168
859162692665454592	588628187
859162692665454592	363216459
859162692665454592	1416670694
859162692665454592	2619650299
859162692665454592	800193098772922368
859162692665454592	804065349704486912
859162692665454592	829459853152309248
859162692665454592	817375153348874244
859162692665454592	820991256373370880
859162692665454592	4637464174
859162692665454592	789163228332908544
859162692665454592	820101078981152769
859162692665454592	827205628938567680
859162692665454592	845365499932393472
859162692665454592	805108561370030083
859162692665454592	840360602317004804
859162692665454592	1134719952
859162692665454592	2230277538
859162692665454592	4184059695
859162692665454592	797548507985051649
859162692665454592	1654090454
859162692665454592	793049006150524929
859162692665454592	2873168987
859162692665454592	812755286746337280
859162692665454592	816586692509302784
859162692665454592	862126469367070726
859162692665454592	805121044478656512
859162692665454592	832671708343476225
859162692665454592	866088440193875968
859162692665454592	862885883770396672
859162692665454592	866254822768394240
859162692665454592	815125983628001280
859162692665454592	860179670716887041
859162692665454592	809432035857231872
859162692665454592	838618187373678593
859162692665454592	797103720
859162692665454592	3433440351
859162692665454592	2987944745
859162692665454592	597881912
859162692665454592	838219182013546497
859162692665454592	2150251727
859162692665454592	2787879333
859162692665454592	828360481186406400
859162692665454592	520655427
859162692665454592	1118210275
859162692665454592	254086651
859162692665454592	856323983863681024
859162692665454592	859567906312536064
859162692665454592	168304102
859162692665454592	753271968439369728
859162692665454592	789628045678215168
859162692665454592	808833927901286401
859162692665454592	846078519016935424
859162692665454592	857985514879758339
859162692665454592	1120347613
859162692665454592	2177276408
859162692665454592	2864742297
859162692665454592	3846547679
859162692665454592	706639533987799040
859162692665454592	814914115458256896
859162692665454592	816369203221581824
859162692665454592	817196341944270848
859162692665454592	820716384451694592
859162692665454592	820928836229623809
859162692665454592	850883010408964097
859162692665454592	825117035713687553
859162692665454592	859294938089091072
859162692665454592	849396952123006981
859162692665454592	2460362827
859162692665454592	272782673
859162692665454592	987705313
859162692665454592	197579753
859162692665454592	821556405639507969
859162692665454592	1589359776
859162692665454592	1398037759
859162692665454592	1915842397
859162692665454592	4134912083
859162692665454592	404172363
859162692665454592	20546567
859162692665454592	803756179
859162692665454592	701899159
859162692665454592	230085504
859162692665454592	1963276075
859162692665454592	814204737843249152
859162692665454592	175542586
859162692665454592	2477450431
859162692665454592	350571932
859162692665454592	811771429926604801
859162692665454592	839688848619753474
859162692665454592	829883470822461440
859162692665454592	719419486583959552
859162692665454592	1321757263
859162692665454592	2154182889
859162692665454592	2273313906
859162692665454592	3599133973
859162692665454592	731138821404958720
859162692665454592	779762509599412226
859162692665454592	838558548082769920
859162692665454592	2582426232
859162692665454592	821775950551674883
859162692665454592	829928673079808001
859162692665454592	799979931438555136
859162692665454592	3525782187
859162692665454592	814288753846087680
859162692665454592	824728947011321859
859162692665454592	61099881
859162692665454592	821437415294439424
859162692665454592	1476077868
859162692665454592	881565895
859162692665454592	775195221227339776
859162692665454592	809148804092006401
859162692665454592	796789654288814081
859162692665454592	196859916
859162692665454592	829960647970521088
859162692665454592	3830250742
859162692665454592	866266001930899456
859162692665454592	227428057
859162692665454592	2362365631
859162692665454592	820840665957486592
859162692665454592	778042663996129280
859162692665454592	825195353674805248
859162692665454592	860334754213883905
859162692665454592	861006620284866561
859162692665454592	788254220847722498
859162692665454592	831535561
859162692665454592	797170574187368448
859162692665454592	780602709678301184
859162692665454592	726504991700180992
859162692665454592	759423076622827520
859162692665454592	767164380677017601
859162692665454592	1459659577
859162692665454592	797943815453704193
859162692665454592	815683922990342148
859162692665454592	827215788817907712
859162692665454592	4870853459
859162692665454592	820117327765245952
859162692665454592	814563528640184320
859162692665454592	823540911426727936
859162692665454592	831743892953432065
859162692665454592	1141298000
859162692665454592	2843751405
859162692665454592	4187634299
859162692665454592	859169075729227778
859162692665454592	742184205363351552
859162692665454592	778011781251956736
859162692665454592	814193811920396288
859162692665454592	852582469010325504
859162692665454592	798653024981745664
859162692665454592	804919535287603202
859162692665454592	813546332682076160
859162692665454592	844721258109505536
859162692665454592	118241641
859162692665454592	4060725019
859162692665454592	797116219086270465
859162692665454592	4415847800
859162692665454592	814308127097180161
859162692665454592	842179056498008064
859162692665454592	714957679232491521
859162692665454592	726268626454646784
859162692665454592	752607727243829248
859162692665454592	814374553166213120
859162692665454592	850496343114043392
859162692665454592	3222697104
859162692665454592	4919671943
859162692665454592	738525444916514816
859162692665454592	740728622483447808
859162692665454592	784073593747566592
859162692665454592	734923792082952192
859162692665454592	808442311764045825
859162692665454592	714512199956480004
859162692665454592	748300332153765888
859162692665454592	759077162586632192
859162692665454592	817040852933636096
859162692665454592	782710556654460929
859162692665454592	813432153774190593
859162692665454592	833414290451226624
859162692665454592	958685695
859162692665454592	788221665977270272
859162692665454592	814300066961887232
859162692665454592	817168662889172992
859162692665454592	804218132298694656
859162692665454592	728670419096473602
859162692665454592	809775523010322436
859162692665454592	3345800079
859162692665454592	810675791327596544
859162692665454592	829729259275112453
859162692665454592	855962855526498304
859162692665454592	860975918436810753
859162692665454592	625129596
859162692665454592	825137975877050368
859162692665454592	757042211196379136
859162692665454592	858891018724311040
859162692665454592	194324935
859162692665454592	750837633807478784
859162692665454592	2813921184
859162692665454592	756656556268220417
859162692665454592	2982252760
859162692665454592	347353694
859162692665454592	2974120571
859162692665454592	2255446842
859162692665454592	792051894369808384
859162692665454592	848668475627376641
859162692665454592	3754039577
859162692665454592	4359873133
859162692665454592	752588646151139328
859162692665454592	742439786561085440
859162692665454592	722437108804227076
859162692665454592	110077140
859162692665454592	597836691
859162692665454592	4821380613
859162692665454592	826760210257678337
859162692665454592	841139515649605632
859162692665454592	818948883015290881
859162692665454592	3435899392
859162692665454592	3352672515
859162692665454592	786022057662255104
859162692665454592	854527430354239489
859162692665454592	409543254
859162692665454592	841725393296064512
859162692665454592	848743142
859162692665454592	800381530644226048
859162692665454592	4475510122
859162692665454592	773321093792825344
859162692665454592	822862545342070784
859162692665454592	160650487
859162692665454592	2844415343
859162692665454592	714993762854899712
859162692665454592	3261839014
859162692665454592	775056401701933056
859162692665454592	802450499157000192
859162692665454592	831362575992496128
859162692665454592	819817746573774849
859162692665454592	815340072035844098
859162692665454592	852343494756548609
859162692665454592	304774755
859162692665454592	787851296
859162692665454592	3338982853
859162692665454592	807382545428058112
859162692665454592	813812245360771072
859162692665454592	820101469827383297
859162692665454592	1599116972
859162692665454592	3012663891
859162692665454592	3346872635
859162692665454592	3447508162
859162692665454592	800177906924163073
859162692665454592	782766980688384000
859162692665454592	808057115273265152
859162692665454592	813887509243510785
859162692665454592	817082750595452928
859162692665454592	841012987238469632
859162692665454592	853695882285416448
859162692665454592	398470557
859162692665454592	4410515674
859162692665454592	859431624739520512
859162692665454592	859232326353534976
859162692665454592	739985545200316416
859162692665454592	856941444141076480
859162692665454592	864852504361697285
859162692665454592	798586876743581696
859162692665454592	2727636868
859162692665454592	751656606329364480
859162692665454592	855915490849542144
859162692665454592	830226058603556864
859162692665454592	860951173729312770
859162692665454592	861990464513355776
859162692665454592	720336652095381504
859162692665454592	814503933439868934
859162692665454592	863798650333540352
859162692665454592	801529694617305088
859162692665454592	850517774195712001
859162692665454592	779139905817550848
859162692665454592	859092487389970432
859162692665454592	735289239013888009
859162692665454592	805556172325584896
859162692665454592	805094479111798784
859162692665454592	804065272806146052
859162692665454592	863590050109562885
859162692665454592	2449684045
859162692665454592	845942593196298240
859162692665454592	4322514035
859162692665454592	861628713623969792
859162692665454592	841039162790801409
859162692665454592	742055425944748032
859162692665454592	268612024
859162692665454592	854488825896341504
859162692665454592	1076787896
859162692665454592	795421252555051008
859162692665454592	810333311792975872
859162692665454592	3847085477
859162692665454592	812427645153579009
859162692665454592	3228459725
859162692665454592	123079208
859162692665454592	726559913435082753
859162692665454592	856110871667515393
859162692665454592	4150174393
859162692665454592	856187972655382528
859162692665454592	4704085548
859162692665454592	2556012305
859162692665454592	816825499485925376
859162692665454592	855800416818388992
859162692665454592	810311960512303106
859162692665454592	248408281
859162692665454592	735339399421001728
859162692665454592	850147762847047680
859162692665454592	823482343788871680
859162692665454592	860139150757986305
859162692665454592	859566844025241600
859162692665454592	2188958689
859162692665454592	860555037021523968
859162692665454592	839358570885963776
859162692665454592	3373429011
859162692665454592	747682836518428672
859162692665454592	859171884000313345
859162692665454592	338013930
859162692665454592	860623201784676352
859162692665454592	860626333738688512
859162692665454592	856181327300890624
859162692665454592	860970553317969920
859162692665454592	326178690
859162692665454592	2960636980
859162692665454592	1883909496
859162692665454592	2379599020
859162692665454592	247347231
859162692665454592	856658040958922752
859162692665454592	861769677147648001
859162692665454592	862634437456089088
859162692665454592	860138580324364288
859162692665454592	728033717055311873
859162692665454592	701162568065359872
859162692665454592	419038460
859162692665454592	824463303216730114
859162692665454592	797809030584565761
859162692665454592	847756637158785027
859162692665454592	3225933227
859162692665454592	545414421
859162692665454592	858951965648318465
859162692665454592	3035729830
859162692665454592	2332859700
859162692665454592	1965833851
859162692665454592	829939262300778496
859162692665454592	859396580780134402
859162692665454592	3457209798
859162692665454592	848054115720495105
859162692665454592	833674037343576064
859162692665454592	610429388
859162692665454592	1310713639
859162692665454592	855356458325737472
859162692665454592	852443448720343040
859162692665454592	857222472042762241
859162692665454592	856342104246800388
859162692665454592	856031130641977344
859162692665454592	856860253077549056
859162692665454592	859074156670963712
859162692665454592	806535574081404928
859162692665454592	2664799452
859162692665454592	1367180522
859162692665454592	2995100459
859162692665454592	859091066183708672
859162692665454592	813809369351647232
859162692665454592	1167495907
859162692665454592	764309359438524417
859162692665454592	147448614
859162692665454592	1515805326
859162692665454592	3607139652
859162692665454592	793191883921031168
859162692665454592	1586960041
859162692665454592	859615678621462529
859162692665454592	859279024585138176
859162692665454592	852798052645560321
859162692665454592	831015262765858819
859162692665454592	1551138044
859162692665454592	846477614273482753
859162692665454592	206500951
859162692665454592	703270265917202432
859162692665454592	710201808946380800
859162692665454592	1350591949
859162692665454592	1715908176
859162692665454592	761648573008207872
859162692665454592	1329792758
859162692665454592	859339528598831104
859162692665454592	806175026416328705
859162692665454592	592163313
859162692665454592	793783281653198849
859162692665454592	861954182223245312
859162692665454592	2864079055
859162692665454592	3132967436
859162692665454592	834595456755851264
859162692665454592	814527701528748032
859162692665454592	779689296961863684
859162692665454592	859953626155962369
859162692665454592	396644908
859162692665454592	3121836072
859162692665454592	861932571155996672
859162692665454592	826889570037829632
859162692665454592	2416803492
859162692665454592	769568250845863936
859162692665454592	801303697712185344
859162692665454592	718844179871350785
859162692665454592	3230942936
859162692665454592	4128791114
859162692665454592	3390398213
859162692665454592	1866316212
859162692665454592	748382702018105344
859162692665454592	713438748038463489
859162692665454592	3145305068
859162692665454592	611322911
859162692665454592	3185354736
859162692665454592	727335353372282881
859162692665454592	858587764371017728
859162692665454592	854247978365845507
859162692665454592	1067539982
859162692665454592	4507752922
859162692665454592	830480048973049856
859162692665454592	761342109169381377
859162692665454592	800873948363816961
859162692665454592	767437618984419328
859162692665454592	820721701210259457
859162692665454592	804106189831360512
859162692665454592	3131710173
859162692665454592	1887361003
859162692665454592	748985143239532545
859162692665454592	783720568415719424
859162692665454592	160744517
859162692665454592	488627477
859162692665454592	274757956
859162692665454592	799688100771336192
859162692665454592	765716837753577472
859162692665454592	859523809761779712
859162692665454592	2472738966
859162692665454592	2696172654
859162692665454592	1173787748
859162692665454592	838018189321609217
859162692665454592	822845891291840514
859162692665454592	804627355058733056
859162692665454592	4837049790
859162692665454592	4728272269
859162692665454592	817052056125108224
859162692665454592	2354028950
