863429052501282816	859388193476628480
867531831289294848	859388193476628480
867423765239664640	859388193476628480
866046843117080577	859388193476628480
822203022898040833	859388193476628480
4833339165	859388193476628480
479728299	859388193476628480
4638209255	859388193476628480
866493914643148800	859388193476628480
763521193479634944	859388193476628480
860130467663802368	859388193476628480
866404012018585600	859388193476628480
828283617981956096	859388193476628480
3128299190	859388193476628480
842146993766031360	859388193476628480
797903913374642176	859388193476628480
864662884978241536	859388193476628480
864612383985152001	859388193476628480
858442485802168320	859388193476628480
864133753215623170	859388193476628480
859143051238936580	859388193476628480
860210160849104896	859388193476628480
720361232637689857	859388193476628480
859054914294747136	859388193476628480
863570203745144832	859388193476628480
807352647120519172	859388193476628480
817857737686155264	859388193476628480
859560472533762048	859388193476628480
862094903186255873	859388193476628480
741523179902902272	859388193476628480
862331862571790336	859388193476628480
860638824845725700	859388193476628480
859096446909415424	859388193476628480
796148565156438016	859388193476628480
858895995761041409	859388193476628480
858872445822005249	859388193476628480
861295383376515072	859388193476628480
861666521239535616	859388193476628480
859554167622422528	859388193476628480
714125774740172804	859388193476628480
705816641037312000	859388193476628480
859943200009703424	859388193476628480
3368480614	859388193476628480
709032378430316545	859388193476628480
2291760925	859388193476628480
843159014980681734	859388193476628480
553780276	859388193476628480
772543206785449984	859388193476628480
858703309204574209	859388193476628480
3065750536	859388193476628480
860486349924782080	859388193476628480
859074113255743488	859388193476628480
860336404810870784	859388193476628480
860130349501734913	859388193476628480
2820716146	859388193476628480
807425877504118784	859388193476628480
804412490004234241	859388193476628480
4701766628	859388193476628480
327088158	859388193476628480
738919451807125504	859388193476628480
3377239672	859388193476628480
709819864454733824	859388193476628480
2846835467	859388193476628480
859282005590233088	859388193476628480
790492556	859388193476628480
2955148031	859388193476628480
3427009731	859388193476628480
4239322751	859388193476628480
2567943258	859388193476628480
802687446781665280	859388193476628480
847101923371175936	859388193476628480
3018941920	859388193476628480
4895809403	859388193476628480
4260695295	859388193476628480
859095137619779585	859388193476628480
859099324575305729	859388193476628480
727566337053233152	859388193476628480
859801307590340608	859388193476628480
843479730749956098	859388193476628480
2790190187	859388193476628480
854520774455177216	859388193476628480
850831387989078016	859388193476628480
3130224591	859388193476628480
826802054966476800	859388193476628480
917840221	859388193476628480
226271911	859388193476628480
859585109346963457	859388193476628480
856618436016971776	859388193476628480
3305019911	859388193476628480
3393154271	859388193476628480
3922717348	859388193476628480
4759013673	859388193476628480
860266720568762369	859388193476628480
2521950345	859388193476628480
2978396554	859388193476628480
2978430394	859388193476628480
3416069637	859388193476628480
859047716302843905	859388193476628480
859809116373614592	859388193476628480
2228599546	859388193476628480
837383928512135173	859388193476628480
707280208404082688	859388193476628480
860257628307566592	859388193476628480
792608203045531648	859388193476628480
2720506446	859388193476628480
2527803882	859388193476628480
1006243280	859388193476628480
834906506273390592	859388193476628480
3028971604	859388193476628480
2323049364	859388193476628480
776364819586899969	859388193476628480
4475472759	859388193476628480
772798435246411776	859388193476628480
852233636879454208	859388193476628480
3047187096	859388193476628480
859937717987274752	859388193476628480
859100797862391809	859388193476628480
859382450065096704	859388193476628480
852961473844436992	859388193476628480
459243025	859388193476628480
837166255035535360	859388193476628480
782692431959433217	859388193476628480
2208012524	859388193476628480
859094488580542468	859388193476628480
858837385005727744	859388193476628480
891566072	859388193476628480
813635105587662848	859388193476628480
859933166802489348	859388193476628480
848577533096415232	859388193476628480
4757690673	859388193476628480
961031107	859388193476628480
859809769791598592	859388193476628480
859603903574310912	859388193476628480
859539356788420608	859388193476628480
844634173486845952	859388193476628480
3260480916	859388193476628480
840588304835854336	859388193476628480
859167470984278016	859388193476628480
2895267239	859388193476628480
633263147	859388193476628480
788100441641025536	859388193476628480
858105839806283777	859388193476628480
771421836	859388193476628480
859049572584370178	859388193476628480
859523347629178880	859388193476628480
2192701792	859388193476628480
859153135138484224	859388193476628480
859534538720104452	859388193476628480
751619139408625665	859388193476628480
713801231324561408	859388193476628480
859184428555350016	859388193476628480
813192457164824576	859388193476628480
859161638934544384	859388193476628480
859891756535566339	859388193476628480
859153392157028355	859388193476628480
859091852284350464	859388193476628480
809399989487235072	859388193476628480
856642824359555072	859388193476628480
4623927315	859388193476628480
4923981491	859388193476628480
825812756658057217	859388193476628480
272631867	859388193476628480
859786589135937536	859388193476628480
859757360545452032	859388193476628480
859544567858778112	859388193476628480
3236282046	859388193476628480
859580353735819264	859388193476628480
859243180755107841	859388193476628480
3632331317	859388193476628480
3108091073	859388193476628480
791838629803003904	859388193476628480
4141780361	859388193476628480
846366979166539776	859388193476628480
842018594686922752	859388193476628480
4780822281	859388193476628480
714219728517074944	859388193476628480
859546183471124481	859388193476628480
1691864191	859388193476628480
820777011861946368	859388193476628480
802608591731589121	859388193476628480
3173427368	859388193476628480
833002484574650373	859388193476628480
859529720194625537	859388193476628480
4309673614	859388193476628480
736591358966792193	859388193476628480
851557998778568704	859388193476628480
857765742787387393	859388193476628480
818460755653693441	859388193476628480
856164088266842112	859388193476628480
796439550444896260	859388193476628480
839973007539990529	859388193476628480
738082846586327040	859388193476628480
859111248348274689	859388193476628480
859512221843562498	859388193476628480
2685758082	859388193476628480
859169020465094657	859388193476628480
3328091489	859388193476628480
2899360822	859388193476628480
807737737361162245	859388193476628480
3641587589	859388193476628480
779392239583756288	859388193476628480
4827984123	859388193476628480
859488610420236288	859388193476628480
859133192950906881	859388193476628480
757744439175569408	859388193476628480
859489469736595456	859388193476628480
355004328	859388193476628480
856257506485690370	859388193476628480
1347899713	859388193476628480
816428379880779776	859388193476628480
744709827805483008	859388193476628480
765907972572712960	859388193476628480
858834637652611072	859388193476628480
2924370949	859388193476628480
859451501978300417	859388193476628480
838299812021809152	859388193476628480
822176156585693186	859388193476628480
794446648902557696	859388193476628480
859421775473639424	859388193476628480
4152337036	859388193476628480
708098942433685508	859388193476628480
859238035053051904	859388193476628480
1975692702	859388193476628480
801936905701040128	859388193476628480
859430831483494400	859388193476628480
697554224461254658	859388193476628480
859171086830899200	859388193476628480
4518171113	859388193476628480
747470839646388225	859388193476628480
782263016914026497	859388193476628480
851058885871980545	859388193476628480
2281549347	859388193476628480
4842524043	859388193476628480
832708920099561472	859388193476628480
786586249884733441	859388193476628480
2912231747	859388193476628480
837625706108633090	859388193476628480
3374992630	859388193476628480
3294429967	859388193476628480
859163008899141632	859388193476628480
786854572413317120	859388193476628480
2751038428	859388193476628480
2539197094	859388193476628480
2811152975	859388193476628480
712938791447691264	859388193476628480
859388193476628480	822203022898040833
859388193476628480	4638209255
859388193476628480	860130467663802368
859388193476628480	866404012018585600
859388193476628480	829354556941357056
859388193476628480	561587724
859388193476628480	714091036272902144
859388193476628480	287894252
859388193476628480	859923055598075904
859388193476628480	866322942795423745
859388193476628480	866334228128059392
859388193476628480	4925247503
859388193476628480	864662884978241536
859388193476628480	856234555631652865
859388193476628480	858442485802168320
859388193476628480	859054914294747136
859388193476628480	2563372404
859388193476628480	863570203745144832
859388193476628480	2935718061
859388193476628480	843255494307471360
859388193476628480	807352647120519172
859388193476628480	844958242161807360
859388193476628480	817857737686155264
859388193476628480	861295383376515072
859388193476628480	859554167622422528
859388193476628480	861666521239535616
859388193476628480	859579992983973888
859388193476628480	705816641037312000
859388193476628480	859943200009703424
859388193476628480	772543206785449984
859388193476628480	843159014980681734
859388193476628480	860336404810870784
859388193476628480	860130349501734913
859388193476628480	859099324575305729
859388193476628480	859523347629178880
859388193476628480	744871696864186368
859388193476628480	3130224591
859388193476628480	2567943258
859388193476628480	3142687457
859388193476628480	712266483297030144
859388193476628480	760802285173743616
859388193476628480	817210562056687617
859388193476628480	2874964870
859388193476628480	858490905661255683
859388193476628480	3018941920
859388193476628480	843479730749956098
859388193476628480	2888473738
859388193476628480	858689697228488706
859388193476628480	1367191014
859388193476628480	2924788651
859388193476628480	3710118015
859388193476628480	804412490004234241
859388193476628480	736706585628712961
859388193476628480	3377239672
859388193476628480	857708891974631424
859388193476628480	3098915720
859388193476628480	4260695295
859388193476628480	807425877504118784
859388193476628480	859143181383938048
859388193476628480	768586217143332865
859388193476628480	4715216859
859388193476628480	854520774455177216
859388193476628480	858958420220760065
859388193476628480	2820716146
859388193476628480	709819864454733824
859388193476628480	859209876370837504
859388193476628480	811665240446369792
859388193476628480	854062544117407744
859388193476628480	884688955
859388193476628480	859559722827096065
859388193476628480	821835598566686721
859388193476628480	4865609421
859388193476628480	1265519286
859388193476628480	973041080
859388193476628480	847101923371175936
859388193476628480	4895809403
859388193476628480	4031646820
859388193476628480	738919451807125504
859388193476628480	859585109346963457
859388193476628480	857395181615800320
859388193476628480	599083893
859388193476628480	2258367534
859388193476628480	2855694567
859388193476628480	3922717348
859388193476628480	4239322751
859388193476628480	746136069435973632
859388193476628480	327088158
859388193476628480	731267279133024256
859388193476628480	4759013673
859388193476628480	2521950345
859388193476628480	856618436016971776
859388193476628480	2846835467
859388193476628480	826802054966476800
859388193476628480	804636633383505920
859388193476628480	2955148031
859388193476628480	739148595862081537
859388193476628480	792460764619628544
859388193476628480	3305019911
859388193476628480	859047716302843905
859388193476628480	4539240441
859388193476628480	2944133500
859388193476628480	2790190187
859388193476628480	2455936904
859388193476628480	917840221
859388193476628480	702588714921361408
859388193476628480	2832620871
859388193476628480	4365836308
859388193476628480	3427009731
859388193476628480	859282005590233088
859388193476628480	3416069637
859388193476628480	3393154271
859388193476628480	4238006715
859388193476628480	859095137619779585
859388193476628480	802687446781665280
859388193476628480	852654074671620101
859388193476628480	837383928512135173
859388193476628480	773654602336112640
859388193476628480	852210694258913280
859388193476628480	860277258732412929
859388193476628480	4701766628
859388193476628480	819249780551520256
859388193476628480	2978430394
859388193476628480	820657396506836992
859388193476628480	860210160849104896
859388193476628480	843924397824102402
859388193476628480	859801307590340608
859388193476628480	859074113255743488
859388193476628480	810928035813789696
859388193476628480	821373283279011840
859388193476628480	858752442300760065
859388193476628480	727566337053233152
859388193476628480	804390541643448320
859388193476628480	1009694479
859388193476628480	819404030204067840
859388193476628480	827998850967339012
859388193476628480	859967549538267136
859388193476628480	2888144835
859388193476628480	859796978171084800
859388193476628480	859809116373614592
859388193476628480	2315689190
859388193476628480	753072265311444992
859388193476628480	3065750536
859388193476628480	790492556
859388193476628480	769882220316258304
859388193476628480	850831387989078016
859388193476628480	226271911
859388193476628480	2978396554
859388193476628480	3755874736
859388193476628480	3240099368
859388193476628480	830873264687837184
859388193476628480	111125398
859388193476628480	2960254407
859388193476628480	860266720568762369
859388193476628480	859125072426139648
859388193476628480	760174967896084480
859388193476628480	2228599546
859388193476628480	859096446909415424
859388193476628480	860257269094678530
859388193476628480	792456623109337088
859388193476628480	2527803882
859388193476628480	1006243280
859388193476628480	834045147889414145
859388193476628480	860257628307566592
859388193476628480	707280208404082688
859388193476628480	3028971604
859388193476628480	860106644486750208
859388193476628480	776364819586899969
859388193476628480	860094958761635840
859388193476628480	852233636879454208
859388193476628480	859937717987274752
859388193476628480	852961473844436992
859388193476628480	837166255035535360
859388193476628480	459243025
859388193476628480	848577533096415232
859388193476628480	3260480916
859388193476628480	859539356788420608
859388193476628480	811211792944861184
859388193476628480	788100441641025536
859388193476628480	855887385967644672
859388193476628480	961031107
859388193476628480	633263147
859388193476628480	780069381900500992
859388193476628480	859603903574310912
859388193476628480	2895267239
859388193476628480	858105839806283777
859388193476628480	4757690673
859388193476628480	2938164147
859388193476628480	3047187096
859388193476628480	823892902053085186
859388193476628480	546958194
859388193476628480	844634173486845952
859388193476628480	823925687220338688
859388193476628480	859076565870792705
859388193476628480	709032378430316545
859388193476628480	771421836
859388193476628480	865741488
859388193476628480	3227444655
859388193476628480	859049572584370178
859388193476628480	3435503447
859388193476628480	4596098242
859388193476628480	2192701792
859388193476628480	859167470984278016
859388193476628480	4635685522
859388193476628480	782193842888011776
859388193476628480	2208012524
859388193476628480	840588304835854336
859388193476628480	859914255319142401
859388193476628480	2720506446
859388193476628480	859153135138484224
859388193476628480	859136345528299522
859388193476628480	859534538720104452
859388193476628480	4689771552
859388193476628480	813192457164824576
859388193476628480	859166760368570368
859388193476628480	859512221843562498
859388193476628480	738082846586327040
859388193476628480	272631867
859388193476628480	856642824359555072
859388193476628480	859091852284350464
859388193476628480	809399989487235072
859388193476628480	4062615094
859388193476628480	4923981491
859388193476628480	4623927315
859388193476628480	859182525616357376
859388193476628480	851854290327146496
859388193476628480	842434827487965185
859388193476628480	835316812120211456
859388193476628480	553780276
859388193476628480	859891756535566339
859388193476628480	199676749
859388193476628480	825812756658057217
859388193476628480	3236282046
859388193476628480	859580353735819264
859388193476628480	859544567858778112
859388193476628480	859757360545452032
859388193476628480	2878427092
859388193476628480	2899911418
859388193476628480	799620373587300352
859388193476628480	3424874375
859388193476628480	3057534855
859388193476628480	2923575519
859388193476628480	859155209729314818
859388193476628480	845648669252747265
859388193476628480	859215159105122305
859388193476628480	3166969113
859388193476628480	854378573615988736
859388193476628480	786761246989254658
859388193476628480	859094488580542468
859388193476628480	818140349742927873
859388193476628480	817378744998432768
859388193476628480	773441593
859388193476628480	805183228156018690
859388193476628480	704776855363125248
859388193476628480	811872246616702976
859388193476628480	793106125730308096
859388193476628480	836286660623155202
859388193476628480	844735155596132353
859388193476628480	815740628176924672
859388193476628480	848948964837777408
859388193476628480	733045069498978304
859388193476628480	168683422
859388193476628480	4573800142
859388193476628480	4475472759
859388193476628480	792426649837076480
859388193476628480	780892209180766208
859388193476628480	810636833520500737
859388193476628480	3632331317
859388193476628480	853321609880494080
859388193476628480	756172430545158144
859388193476628480	859145349218304000
859388193476628480	731171315923726338
859388193476628480	842483164186664962
859388193476628480	3063379165
859388193476628480	4835708632
859388193476628480	721629438140674048
859388193476628480	770740298506969088
859388193476628480	822068259491082244
859388193476628480	859069701258969088
859388193476628480	2944252786
859388193476628480	3128299190
859388193476628480	745076137127215109
859388193476628480	751619139408625665
859388193476628480	412157410
859388193476628480	842146993766031360
859388193476628480	2282270704
859388193476628480	772798435246411776
859388193476628480	858743030735667201
859388193476628480	856182669616586752
859388193476628480	825105678578618368
859388193476628480	822655527494754306
859388193476628480	851928088535601152
859388193476628480	738191357374812161
859388193476628480	1969092007
859388193476628480	736024352685207553
859388193476628480	602320716
859388193476628480	4574064743
859388193476628480	704774975748706304
859388193476628480	840317210543456261
859388193476628480	706119422897950721
859388193476628480	810299322105479168
859388193476628480	4868016171
859388193476628480	804115641468907520
859388193476628480	812746884062347264
859388193476628480	3371052934
859388193476628480	609606574
859388193476628480	3108091073
859388193476628480	4710595707
859388193476628480	768205914310578181
859388193476628480	1624170481
859388193476628480	1058973734
859388193476628480	859241989950377985
859388193476628480	162098701
859388193476628480	859147574669955072
859388193476628480	859151698107002881
859388193476628480	184161247
859388193476628480	2549055856
859388193476628480	859125329188802561
859388193476628480	4253317583
859388193476628480	797903913374642176
859388193476628480	859384054868844544
859388193476628480	825120899082887171
859388193476628480	589153638
859388193476628480	4819774805
859388193476628480	859055041390555136
859388193476628480	3303312533
859388193476628480	771774769217867777
859388193476628480	891566072
859388193476628480	847256748243116033
859388193476628480	859246403457036288
859388193476628480	3297411569
859388193476628480	791838629803003904
859388193476628480	4141780361
859388193476628480	818460755653693441
859388193476628480	2946513935
859388193476628480	820310210061406208
859388193476628480	2836405467
859388193476628480	830547718485467137
859388193476628480	833399185999278082
859388193476628480	859541591916195840
859388193476628480	92370489
859388193476628480	1691864191
859388193476628480	2474230986
859388193476628480	4780822281
859388193476628480	809460264756269058
859388193476628480	4309673614
859388193476628480	859529720194625537
859388193476628480	4257492202
859388193476628480	4822210139
859388193476628480	843651793120890880
859388193476628480	851557998778568704
859388193476628480	3173427368
859388193476628480	802608591731589121
859388193476628480	833002484574650373
859388193476628480	714219728517074944
859388193476628480	737469353336131584
859388193476628480	759516824828542976
859388193476628480	817059137565716481
859388193476628480	796439550444896260
859388193476628480	758681375805476864
859388193476628480	2923737857
859388193476628480	746544525657706498
859388193476628480	727271132055883777
859388193476628480	718920949643505665
859388193476628480	777610794024468480
859388193476628480	856164088266842112
859388193476628480	1500420938
859388193476628480	714125774740172804
859388193476628480	851249028927016960
859388193476628480	278662460
859388193476628480	723191770847145984
859388193476628480	839973007539990529
859388193476628480	821564245112475650
859388193476628480	3328091489
859388193476628480	176803724
859388193476628480	164194743
859388193476628480	111332557
859388193476628480	176745226
859388193476628480	361062981
859388193476628480	465219474
859388193476628480	466127190
859388193476628480	420164165
859388193476628480	547957192
859388193476628480	859111248348274689
859388193476628480	712796251968966656
859388193476628480	851058885871980545
859388193476628480	747470839646388225
859388193476628480	859430831483494400
859388193476628480	801936905701040128
859388193476628480	4152337036
859388193476628480	708098942433685508
859388193476628480	824642328803602432
859388193476628480	2899360822
859388193476628480	782430683897757696
859388193476628480	766491014647472128
859388193476628480	4891773911
859388193476628480	803978225588301824
859388193476628480	858699429817221120
859388193476628480	815938371386306560
859388193476628480	815177768363237376
859388193476628480	3119145826
859388193476628480	1888461001
859388193476628480	2776432669
859388193476628480	4827984123
859388193476628480	859488610420236288
859388193476628480	830542982243876864
859388193476628480	859489469736595456
859388193476628480	859451501978300417
859388193476628480	859421775473639424
859388193476628480	837461500621094916
859388193476628480	779392239583756288
859388193476628480	3406122377
859388193476628480	3397318031
859388193476628480	1347899713
859388193476628480	1163685864
859388193476628480	858834637652611072
859388193476628480	3837501922
859388193476628480	736591358966792193
859388193476628480	4842524043
859388193476628480	856257506485690370
859388193476628480	3090214162
859388193476628480	1949370362
859388193476628480	697554224461254658
859388193476628480	838070124796076032
859388193476628480	820406608836628480
859388193476628480	820264456752103424
859388193476628480	204990317
859388193476628480	860439192
859388193476628480	2685758082
859388193476628480	833298826752569344
859388193476628480	3374992630
859388193476628480	859215363803926529
859388193476628480	2855375139
859388193476628480	2323049364
859388193476628480	1564613850
859388193476628480	859087764834398208
859388193476628480	3379613152
859388193476628480	4805809175
859388193476628480	842963315957620740
859388193476628480	859163827274960896
859388193476628480	3368480614
859388193476628480	859144444834131968
859388193476628480	3306022229
859388193476628480	832708920099561472
859388193476628480	782263016914026497
859388193476628480	859150379514310657
859388193476628480	355004328
859388193476628480	757744439175569408
859388193476628480	3690872056
859388193476628480	840724340085817345
859388193476628480	782755197546336256
859388193476628480	843983706113150976
859388193476628480	859163008899141632
859388193476628480	2281549347
859388193476628480	2924370949
859388193476628480	859169020465094657
859388193476628480	786586249884733441
859388193476628480	1975692702
859388193476628480	2873039345
859388193476628480	739980410462015489
859388193476628480	3294429967
859388193476628480	820777011861946368
859388193476628480	859228233421737984
859388193476628480	4864261810
859388193476628480	859221409377267712
859388193476628480	859230777745256448
859388193476628480	836286687659634688
859388193476628480	859060575355244545
859388193476628480	4518171113
859388193476628480	2255551027
859388193476628480	3347365984
859388193476628480	794446648902557696
859388193476628480	4861454772
859388193476628480	859062985364525057
859388193476628480	3286030865
859388193476628480	799848100995235840
859388193476628480	858827051834507264
859388193476628480	4850661977
859388193476628480	858908818608140288
859388193476628480	827297925055254528
859388193476628480	810194343889924096
859388193476628480	859238313500319744
859388193476628480	859229434548768768
859388193476628480	859133192950906881
859388193476628480	859171086830899200
859388193476628480	846366979166539776
859388193476628480	807737737361162245
859388193476628480	859238035053051904
859388193476628480	809755752994848768
859388193476628480	3353247850
859388193476628480	786854572413317120
859388193476628480	849903385788764160
859388193476628480	859326540433297408
859388193476628480	744709827805483008
859388193476628480	820327339892543491
859388193476628480	855539564747919360
859388193476628480	3641587589
859388193476628480	804343385037373440
859388193476628480	821522772862058496
859388193476628480	857765742787387393
859388193476628480	859184434033160194
