859931376761679872	859469861319188480
811952899173584897	859469861319188480
380604933	859469861319188480
798299107869814784	859469861319188480
4833996898	859469861319188480
3034728842	859469861319188480
21267553	859469861319188480
718585560156217345	859469861319188480
2231295360	859469861319188480
3312836172	859469861319188480
831208810551373824	859469861319188480
501113236	859469861319188480
428913841	859469861319188480
4858753947	859469861319188480
518859240	859469861319188480
721761383704965121	859469861319188480
1625913248	859469861319188480
132336617	859469861319188480
859225371652354049	859469861319188480
733170806293856257	859469861319188480
816897333942054912	859469861319188480
817525554719002624	859469861319188480
3437489086	859469861319188480
764302544445190144	859469861319188480
728740387305730048	859469861319188480
276210573	859469861319188480
3850792396	859469861319188480
269588401	859469861319188480
152136003	859469861319188480
792051894369808384	859469861319188480
2677951051	859469861319188480
493097369	859469861319188480
1728775675	859469861319188480
859469861319188480	1007298607
859469861319188480	725017009466015744
859469861319188480	839512150049755136
859469861319188480	785187542656163840
859469861319188480	830840856814960640
859469861319188480	855647302999916544
859469861319188480	836987467785986049
859469861319188480	828435710055157761
859469861319188480	278662460
859469861319188480	1409798257
859469861319188480	168683422
859469861319188480	335141638
859469861319188480	128479879
859469861319188480	765314199069351936
859469861319188480	2414792612
859469861319188480	1879506732
859469861319188480	223356885
859469861319188480	21366823
859469861319188480	817525554719002624
859469861319188480	259200990
859469861319188480	702876871843647488
859469861319188480	836953891283533828
859469861319188480	374068637
859469861319188480	762056416374951936
859469861319188480	831199825282682880
859469861319188480	755068786978480129
859469861319188480	14131818
859469861319188480	4833996898
859469861319188480	4924702642
859469861319188480	3437489086
859469861319188480	276210573
859469861319188480	808523561749114880
859469861319188480	3052837701
859469861319188480	125603760
859469861319188480	27270779
859469861319188480	779490785997758465
859469861319188480	1625913248
859469861319188480	152136003
859469861319188480	2556172338
859469861319188480	764302544445190144
859469861319188480	2733223904
859469861319188480	798299107869814784
859469861319188480	350411337
859469861319188480	294941418
859469861319188480	803500642413268992
859469861319188480	269588401
859469861319188480	4847487268
859469861319188480	2221338942
859469861319188480	811952899173584897
859469861319188480	118476176
859469861319188480	36178012
859469861319188480	771707976
859469861319188480	1728775675
859469861319188480	152902472
859469861319188480	3185720688
859469861319188480	806925840
859469861319188480	518859240
859469861319188480	251922978
859469861319188480	816897333942054912
859469861319188480	792051894369808384
859469861319188480	120178497
859469861319188480	3879883457
859469861319188480	710523440969748480
859469861319188480	3312836172
859469861319188480	1892299758
859469861319188480	3347365984
859469861319188480	76038813
859469861319188480	2677951051
859469861319188480	15243058
859469861319188480	89907746
859469861319188480	2871359907
859469861319188480	2346822347
859469861319188480	785815993721483264
859469861319188480	4889616262
859469861319188480	501113236
859469861319188480	14092803
859469861319188480	116853613
859469861319188480	3850792396
859469861319188480	428913841
859469861319188480	2231295360
859469861319188480	1643561064
859469861319188480	820489537608675328
859469861319188480	539447083
859469861319188480	837128377303711744
859469861319188480	834251262619156480
859469861319188480	1527745350
859469861319188480	384247993
859469861319188480	721761383704965121
859469861319188480	15284851
859469861319188480	493097369
859469861319188480	132336617
859469861319188480	718585560156217345
859469861319188480	1348235444
859469861319188480	2982252760
859469861319188480	188103460
859469861319188480	34732924
859469861319188480	3043323309
859469861319188480	21267553
859469861319188480	728740387305730048
859469861319188480	2828726070
859469861319188480	717910585573261312
859469861319188480	758497950054096896
