1440317792	859939816380792832
781306275657289728	859939816380792832
289224430	859939816380792832
792471141075918849	859939816380792832
859939816380792832	112244575
859939816380792832	754539181070700544
859939816380792832	589320254
859939816380792832	584548704
859939816380792832	589319578
859939816380792832	251538489
859939816380792832	811264553677885440
859939816380792832	2937012291
859939816380792832	1406616918
859939816380792832	847590649377558528
859939816380792832	842193914174050304
859939816380792832	816196459083264000
859939816380792832	814211814053576704
859939816380792832	795366428991815680
859939816380792832	749836439928446976
859939816380792832	755983881786970112
859939816380792832	781306275657289728
859939816380792832	2389618520
859939816380792832	765636266289340416
859939816380792832	289224430
859939816380792832	834246949616361472
859939816380792832	122556667
859939816380792832	802983841874866176
859939816380792832	807768485547929600
859939816380792832	22324918
859939816380792832	398306220
859939816380792832	17099631
859939816380792832	720357019249553409
859939816380792832	181300983
859939816380792832	150003563
859939816380792832	253755500
859939816380792832	18091904
859939816380792832	836420816338214914
859939816380792832	813286
859939816380792832	820780603637252096
859939816380792832	792471141075918849
859939816380792832	23375688
859939816380792832	27260086
859939816380792832	79293791
859939816380792832	2420919092
859939816380792832	212746249
859939816380792832	37718134
859939816380792832	579473241
859939816380792832	21447363
859939816380792832	29749448
859939816380792832	18863815
859939816380792832	46527223
859939816380792832	16721910
859939816380792832	36483808
859939816380792832	44409004
859939816380792832	39797773
859939816380792832	26664327
859939816380792832	1516844652
859939816380792832	46452468
859939816380792832	40255499
859939816380792832	21111883
859939816380792832	64477046
859939816380792832	319981198
859939816380792832	102729125
859939816380792832	43152482
859939816380792832	34507480
859939816380792832	872374136
859939816380792832	107120856
859939816380792832	100220864
859939816380792832	379408088
859939816380792832	155659213
