2975759584	861023009678733312
2281992206	861023009678733312
2223889981	861023009678733312
3526166777	861023009678733312
2938271908	861023009678733312
806437961063600128	861023009678733312
138827982	861023009678733312
93633567	861023009678733312
718800986177945601	861023009678733312
32106381	861023009678733312
769757420209971200	861023009678733312
763115842167013376	861023009678733312
3222253264	861023009678733312
770053702405263361	861023009678733312
2480062610	861023009678733312
2155941920	861023009678733312
1418877476	861023009678733312
1244667668	861023009678733312
366702423	861023009678733312
810626822052466688	861023009678733312
810523789742272513	861023009678733312
303841800	861023009678733312
3136546932	861023009678733312
408979042	861023009678733312
4636225887	861023009678733312
861023009678733312	568871711
861023009678733312	1610204803
861023009678733312	135527082
861023009678733312	50460475
861023009678733312	488627477
861023009678733312	3583104920
861023009678733312	570842497
861023009678733312	524121160
861023009678733312	524138951
861023009678733312	524152200
861023009678733312	524181600
861023009678733312	956888370
861023009678733312	284389519
861023009678733312	3030158859
861023009678733312	187806925
861023009678733312	524141961
861023009678733312	1708666860
861023009678733312	282839117
861023009678733312	805121044478656512
861023009678733312	805094479111798784
861023009678733312	804065272806146052
861023009678733312	805556172325584896
861023009678733312	806535574081404928
861023009678733312	820440219363246081
861023009678733312	1721027850
861023009678733312	1721015586
861023009678733312	1726478174
861023009678733312	1730918582
861023009678733312	1522352430
861023009678733312	543462047
861023009678733312	464454076
861023009678733312	233456181
861023009678733312	420164165
861023009678733312	361062981
861023009678733312	465219474
861023009678733312	466127190
861023009678733312	111332557
861023009678733312	79293791
861023009678733312	14230524
861023009678733312	21447363
861023009678733312	16409683
861023009678733312	740216334
861023009678733312	26553420
861023009678733312	43509988
861023009678733312	2830720945
861023009678733312	401478793
861023009678733312	239394793
861023009678733312	828742454
861023009678733312	408177579
861023009678733312	957027824
861023009678733312	637313893
861023009678733312	270758502
861023009678733312	205290097
861023009678733312	268467253
861023009678733312	219596665
861023009678733312	131264923
861023009678733312	2173631072
861023009678733312	253415014
861023009678733312	391115625
861023009678733312	100294792
861023009678733312	884378714
861023009678733312	125603760
861023009678733312	136885994
861023009678733312	152902472
861023009678733312	702377478
861023009678733312	148022903
861023009678733312	3314485566
861023009678733312	220195175
861023009678733312	67235369
861023009678733312	1321765501
861023009678733312	390274454
861023009678733312	3193136708
861023009678733312	2401293356
861023009678733312	3197553150
861023009678733312	3921716413
861023009678733312	3219167306
861023009678733312	3910818372
861023009678733312	4464823880
861023009678733312	4761287418
861023009678733312	3255300223
861023009678733312	2847202303
861023009678733312	2891975504
861023009678733312	2759280906
861023009678733312	2294369533
861023009678733312	2392691502
861023009678733312	1466800782
861023009678733312	1591131403
861023009678733312	153657620
861023009678733312	2934423981
861023009678733312	1583812734
861023009678733312	2472738966
861023009678733312	167025026
861023009678733312	1402988305
861023009678733312	607072006
861023009678733312	153996235
861023009678733312	1513854438
861023009678733312	165033159
861023009678733312	154070583
861023009678733312	274272590
861023009678733312	2391232105
861023009678733312	1173787748
861023009678733312	1429480158
861023009678733312	168683422
861023009678733312	2912336186
861023009678733312	573299587
861023009678733312	1878450026
861023009678733312	1409798257
861023009678733312	335141638
861023009678733312	857061441387585536
861023009678733312	769757420209971200
861023009678733312	751073399590555649
861023009678733312	2961572201
861023009678733312	762860749605658626
861023009678733312	718800986177945601
861023009678733312	3526166777
861023009678733312	759251
861023009678733312	1514374962
861023009678733312	853664448439037952
861023009678733312	2891194580
861023009678733312	800873948363816961
861023009678733312	758497950054096896
861023009678733312	3859887681
861023009678733312	775195221227339776
861023009678733312	178483398
861023009678733312	2431448431
861023009678733312	767750563857567744
861023009678733312	817433821142511617
861023009678733312	408979042
861023009678733312	1075322286
861023009678733312	3139125371
861023009678733312	557305009
861023009678733312	802219727888220160
861023009678733312	817419411422380032
861023009678733312	820101078981152769
861023009678733312	93633567
861023009678733312	2634621441
861023009678733312	833746389016444933
861023009678733312	1418877476
861023009678733312	795390735226900481
861023009678733312	2223889981
861023009678733312	2281992206
861023009678733312	729691092132585472
861023009678733312	2816006761
861023009678733312	2940303879
861023009678733312	2556172338
861023009678733312	366702423
861023009678733312	511357853
861023009678733312	2155941920
861023009678733312	810626822052466688
861023009678733312	827555534819700736
861023009678733312	810681347597541376
861023009678733312	4184059695
861023009678733312	2480062610
861023009678733312	770053702405263361
861023009678733312	2539763634
861023009678733312	3231003507
861023009678733312	716687520298377217
861023009678733312	846014627922284544
861023009678733312	1972031906
861023009678733312	4252649961
861023009678733312	820450730263908352
861023009678733312	3222253264
861023009678733312	766553531704758272
861023009678733312	731138821404958720
861023009678733312	722437108804227076
861023009678733312	885522206
861023009678733312	3158284563
861023009678733312	753367384451407872
861023009678733312	2938271908
861023009678733312	1156816171
861023009678733312	796170523
861023009678733312	3003834633
861023009678733312	3406487237
861023009678733312	772527932896051200
861023009678733312	822215679726100480
861023009678733312	2671429518
861023009678733312	833356268819595266
861023009678733312	761749327631028224
861023009678733312	428333
861023009678733312	816097019844497409
861023009678733312	3058178187
861023009678733312	25073877
861023009678733312	391726131
861023009678733312	138827982
861023009678733312	61099881
861023009678733312	743873303220228096
861023009678733312	4364236515
861023009678733312	1367180522
861023009678733312	763115842167013376
861023009678733312	731976785550675970
861023009678733312	303841800
861023009678733312	2246488813
861023009678733312	1268391900
861023009678733312	820444973401337856
861023009678733312	1244667668
861023009678733312	115485051
861023009678733312	2975759584
861023009678733312	32106381
861023009678733312	116853613
861023009678733312	85414847
