1873342550	861792521999011841
864554574501249025	861792521999011841
861792521999011841	212105265
861792521999011841	1531531394
861792521999011841	2535530418
861792521999011841	2752894442
861792521999011841	2752486796
861792521999011841	2752893692
861792521999011841	2752857576
861792521999011841	705442994841788416
861792521999011841	786296339399217152
861792521999011841	395337235
861792521999011841	2756943211
861792521999011841	37217050
861792521999011841	1873342550
861792521999011841	4074910942
861792521999011841	194268410
861792521999011841	386299312
861792521999011841	2165721392
861792521999011841	2826190436
861792521999011841	81730445
861792521999011841	107806440
861792521999011841	107806440
861792521999011841	244280163
861792521999011841	2710378909
861792521999011841	412509719
861792521999011841	2936857348
861792521999011841	3328440783
861792521999011841	840720127964393473
861792521999011841	1414027483
861792521999011841	2957642085
861792521999011841	4735770389
861792521999011841	3242019557
861792521999011841	812192425
861792521999011841	16589206
861792521999011841	1276641114
861792521999011841	772277631899361280
861792521999011841	759251
861792521999011841	2276654712
861792521999011841	2893750292
861792521999011841	428333
861792521999011841	777949967482839041
861792521999011841	3365220508
861792521999011841	4703933100
861792521999011841	1251878556
861792521999011841	403040370
861792521999011841	5402612
861792521999011841	568760306
861792521999011841	454063476
861792521999011841	335459660
861792521999011841	828093643764424704
861792521999011841	132270017
861792521999011841	706817358
861792521999011841	746057013596135424
861792521999011841	113187018
861792521999011841	61621830
861792521999011841	463767117
861792521999011841	120147614
861792521999011841	1616984605
861792521999011841	3317174659
861792521999011841	760557324536803328
861792521999011841	1975605924
861792521999011841	1975605924
861792521999011841	937525045
861792521999011841	2298623581
861792521999011841	2519969700
861792521999011841	714672829111934976
861792521999011841	45184928
861792521999011841	847859888281747456
861792521999011841	1927347128
861792521999011841	762175522537431040
861792521999011841	2452031587
861792521999011841	112970794
861792521999011841	3288551583
861792521999011841	336288188
861792521999011841	1381366998
861792521999011841	14485005
861792521999011841	1281841430
861792521999011841	90558638
861792521999011841	2356766803
861792521999011841	759078004198871040
861792521999011841	554628288
861792521999011841	759078004198871040
861792521999011841	554628288
861792521999011841	4059711137
861792521999011841	519770230
861792521999011841	1242371071
861792521999011841	806617763427000320
861792521999011841	1007298607
861792521999011841	23151437
861792521999011841	79293791
861792521999011841	26565946
861792521999011841	25365536
861792521999011841	27260086
861792521999011841	21447363
861792521999011841	25521487
