860784613274263552	864398573433102337
823362587739844608	864398573433102337
3377983522	864398573433102337
792107719146823681	864398573433102337
814051117017563136	864398573433102337
751373269882834945	864398573433102337
821252534471983104	864398573433102337
2231497536	864398573433102337
859091266147168258	864398573433102337
859106211450560513	864398573433102337
860512515696070657	864398573433102337
860635534204563459	864398573433102337
859533471651332096	864398573433102337
864832381987037184	864398573433102337
831382475527987200	864398573433102337
859175888365260801	864398573433102337
855290675306217473	864398573433102337
1697554963	864398573433102337
2280916711	864398573433102337
3362890823	864398573433102337
1894526084	864398573433102337
858786037597962241	864398573433102337
847351020711624704	864398573433102337
861594079825600513	864398573433102337
864278819108118529	864398573433102337
864764685341478916	864398573433102337
859145169563602944	864398573433102337
856669728496111617	864398573433102337
840402151041990657	864398573433102337
896410819	864398573433102337
794810390030983168	864398573433102337
859175518779748352	864398573433102337
816654734371291138	864398573433102337
853980292352057344	864398573433102337
2790873231	864398573433102337
2425191594	864398573433102337
859384740557635586	864398573433102337
829683926364934146	864398573433102337
796777758236037120	864398573433102337
864398573433102337	3226163933
864398573433102337	4086005194
864398573433102337	2720957740
864398573433102337	813592825266769920
864398573433102337	129405923
864398573433102337	2756369041
864398573433102337	809291510193733632
864398573433102337	782345960601059328
864398573433102337	771528095685828608
864398573433102337	73281432
864398573433102337	852442704579637248
864398573433102337	4474081455
864398573433102337	799095158440501248
864398573433102337	1309918916
864398573433102337	369190938
864398573433102337	3272597622
864398573433102337	4890535555
864398573433102337	851847835846942720
864398573433102337	827649924
864398573433102337	2220143622
864398573433102337	743891133755957248
864398573433102337	796482568719765504
864398573433102337	1297648580
864398573433102337	2936512664
864398573433102337	380690169
864398573433102337	791825145224495104
864398573433102337	717615628568252416
864398573433102337	499365983
864398573433102337	807114601921847296
864398573433102337	1948619060
864398573433102337	2950465257
864398573433102337	857933899481174016
864398573433102337	2738046385
864398573433102337	548819177
864398573433102337	786267768949800960
864398573433102337	236243316
864398573433102337	3298411723
864398573433102337	702808526385598464
864398573433102337	845324608173568000
864398573433102337	1526476849
864398573433102337	2783215266
864398573433102337	2391983296
864398573433102337	845426555790680064
864398573433102337	790191391062257668
864398573433102337	3225815066
864398573433102337	824254005962489857
864398573433102337	347974430
864398573433102337	362063667
864398573433102337	859082237136031744
864398573433102337	751999105967194112
864398573433102337	817827114170847233
864398573433102337	862266339943096321
864398573433102337	847331404077649921
864398573433102337	101703077
864398573433102337	2710080908
864398573433102337	2419095812
864398573433102337	1977603678
864398573433102337	859517795578425344
864398573433102337	4757694972
864398573433102337	3082132406
864398573433102337	914875927
864398573433102337	874853827
864398573433102337	3410537021
864398573433102337	740365361183395842
864398573433102337	1382950531
864398573433102337	469236464
864398573433102337	122491295
864398573433102337	858058564841197568
864398573433102337	786996507648073728
864398573433102337	3276787861
864398573433102337	1578299964
864398573433102337	708507822
864398573433102337	4822130974
864398573433102337	2997315728
864398573433102337	219338716
864398573433102337	2408015592
864398573433102337	859220747796889600
864398573433102337	1463020278
864398573433102337	2190707402
864398573433102337	835572173595082752
864398573433102337	1431663906
864398573433102337	821252534471983104
864398573433102337	2678427114
864398573433102337	999221496
864398573433102337	795065952400338945
864398573433102337	3192329338
864398573433102337	1877317435
864398573433102337	454932944
864398573433102337	3041601195
864398573433102337	3130642860
864398573433102337	726530093472866304
864398573433102337	779401871274315776
864398573433102337	715855273856991232
864398573433102337	778056465164754944
864398573433102337	850541272251064320
864398573433102337	123537936
864398573433102337	860144240185286657
864398573433102337	480755011
864398573433102337	1186177506
864398573433102337	732652330131304448
864398573433102337	858753144519622656
864398573433102337	145250194
864398573433102337	2762227052
864398573433102337	855623769775321088
864398573433102337	3164622006
864398573433102337	896400198
864398573433102337	860867603304239105
864398573433102337	2548980804
864398573433102337	2974907173
864398573433102337	3102539951
864398573433102337	719466854687707136
864398573433102337	859883366539198464
864398573433102337	859205121338724352
864398573433102337	2453851836
864398573433102337	815582272527208448
864398573433102337	858328478352945154
864398573433102337	704174041050042369
864398573433102337	2621092973
864398573433102337	859069425982427141
864398573433102337	855869319279988738
864398573433102337	781155372887179268
864398573433102337	842771833707347968
864398573433102337	833239776438280192
864398573433102337	4853783109
864398573433102337	540268848
864398573433102337	733446930009743360
864398573433102337	828696365953843202
864398573433102337	1539498655
864398573433102337	833455938325663748
864398573433102337	283448202
864398573433102337	793637283157020677
864398573433102337	819514296640143360
864398573433102337	835392331993866240
864398573433102337	816963244606660609
864398573433102337	994046418
864398573433102337	763996487353118720
864398573433102337	749411339773186049
864398573433102337	716830923082215425
864398573433102337	476291709
864398573433102337	822974800712912897
864398573433102337	782965767612559360
864398573433102337	813365540374749184
864398573433102337	730022973449461760
864398573433102337	2837947040
864398573433102337	854062618071281668
864398573433102337	2542970259
864398573433102337	830787358278590464
864398573433102337	3315545004
864398573433102337	859920847401873408
864398573433102337	847790200537440256
864398573433102337	1247169637
864398573433102337	969294518
864398573433102337	743231725979992064
864398573433102337	808072123038236676
864398573433102337	3296120569
864398573433102337	840233702894452736
864398573433102337	859909092210384896
864398573433102337	1964686963
864398573433102337	809589606308081668
864398573433102337	2942498590
864398573433102337	700050340591312896
864398573433102337	2606991982
864398573433102337	2706583189
864398573433102337	2998470527
864398573433102337	855521451155259392
864398573433102337	4330380735
864398573433102337	4805662273
864398573433102337	833777030940332036
864398573433102337	859493269520007168
864398573433102337	813939449918799872
864398573433102337	3785067975
864398573433102337	859474934359261184
864398573433102337	761935767379861504
864398573433102337	435494873
864398573433102337	1414294092
864398573433102337	3316329287
864398573433102337	860637004035502082
864398573433102337	858989899051094022
864398573433102337	832372872001761280
864398573433102337	859512850116734976
864398573433102337	821226276086235136
864398573433102337	859106211450560513
864398573433102337	859162764920725504
864398573433102337	2756943211
864398573433102337	1387868179
864398573433102337	859944202414829568
864398573433102337	2424598136
864398573433102337	858869552536592388
864398573433102337	860179670716887041
864398573433102337	771115373534085120
864398573433102337	3382373483
864398573433102337	860524098409172992
864398573433102337	795415845296082944
864398573433102337	2372293194
864398573433102337	2250841955
864398573433102337	774419409418854400
864398573433102337	855290675306217473
864398573433102337	858786037597962241
864398573433102337	859091266147168258
864398573433102337	747510373943812097
