867906584541900800	864509641253900288
852292312466169856	864509641253900288
867413941667979265	864509641253900288
806943982538330112	864509641253900288
339649340	864509641253900288
783804621777088512	864509641253900288
839664234006986752	864509641253900288
778390668523646976	864509641253900288
860164889884729345	864509641253900288
860898169856643076	864509641253900288
706224419832778752	864509641253900288
858658698192867332	864509641253900288
777220438523019264	864509641253900288
865683029775265792	864509641253900288
839944977341906945	864509641253900288
386775527	864509641253900288
848211022443929600	864509641253900288
2987633111	864509641253900288
810628421227282433	864509641253900288
846178875285606400	864509641253900288
3931489523	864509641253900288
111300807	864509641253900288
73782746	864509641253900288
811025347118567425	864509641253900288
2832546298	864509641253900288
767103476136640512	864509641253900288
863867293935296513	864509641253900288
2992652265	864509641253900288
819980319839358976	864509641253900288
2863153331	864509641253900288
850484392422146048	864509641253900288
846206196235296768	864509641253900288
774821316671238144	864509641253900288
4765309779	864509641253900288
761762370788139009	864509641253900288
756961476716486656	864509641253900288
324444220	864509641253900288
1090671607	864509641253900288
858806429691543553	864509641253900288
859054809705574400	864509641253900288
91005429	864509641253900288
819060846450081792	864509641253900288
863931192739082240	864509641253900288
848547978084323329	864509641253900288
846953222526898176	864509641253900288
739597842335956992	864509641253900288
4548072820	864509641253900288
823667774908207104	864509641253900288
2807737150	864509641253900288
251682340	864509641253900288
858662217817968640	864509641253900288
3291616986	864509641253900288
247834092	864509641253900288
756849370448924672	864509641253900288
2850391521	864509641253900288
836338985656070147	864509641253900288
859502813801570313	864509641253900288
736458433642287104	864509641253900288
853974461674127360	864509641253900288
859382382813745156	864509641253900288
695464293462994945	864509641253900288
824711920246751233	864509641253900288
864525852289191937	864509641253900288
859159471716782080	864509641253900288
2800930795	864509641253900288
859521186413334529	864509641253900288
326944315	864509641253900288
864519539421261826	864509641253900288
864524341886758912	864509641253900288
4519759582	864509641253900288
467861121	864509641253900288
430765726	864509641253900288
863522386880188416	864509641253900288
713145842018811904	864509641253900288
262135667	864509641253900288
4185976379	864509641253900288
849292887099453441	864509641253900288
3299577359	864509641253900288
808020817347047424	864509641253900288
2900565670	864509641253900288
2938758652	864509641253900288
864509641253900288	856989454745178112
864509641253900288	859112118393679873
864509641253900288	853769885381521409
864509641253900288	704816122491707392
864509641253900288	3132041535
864509641253900288	4197519143
864509641253900288	814942918838456322
864509641253900288	3384742138
864509641253900288	846394296223830018
864509641253900288	832001860399665153
864509641253900288	801242715287592960
864509641253900288	1639300530
864509641253900288	2832546298
864509641253900288	778390668523646976
864509641253900288	3118854859
864509641253900288	3303041286
864509641253900288	813557110181130241
864509641253900288	718472837682610176
864509641253900288	864164739139719170
864509641253900288	785206800589160449
864509641253900288	763539565839781888
864509641253900288	3765672622
864509641253900288	719297815848030208
864509641253900288	4765309779
864509641253900288	702137557086240769
864509641253900288	848023217201704962
864509641253900288	765242842939813888
864509641253900288	758691086730682368
864509641253900288	708290394644201473
864509641253900288	859091182537900033
864509641253900288	785961822574739456
864509641253900288	455104604
864509641253900288	756961476716486656
864509641253900288	2763524523
864509641253900288	810687828254396417
864509641253900288	4514040317
864509641253900288	858491011886133248
864509641253900288	859053150015291393
864509641253900288	843793743203524609
864509641253900288	814289654019162112
864509641253900288	814289654019162112
864509641253900288	3387576784
864509641253900288	827512485385224192
864509641253900288	2828696681
864509641253900288	832352794833207296
864509641253900288	785235967405912064
864509641253900288	848951742616268800
864509641253900288	706224419832778752
864509641253900288	841355567817986052
864509641253900288	720024826895798272
864509641253900288	746814006246121472
864509641253900288	1416262580
864509641253900288	822478686515511301
864509641253900288	2671048062
864509641253900288	846206196235296768
864509641253900288	2773542030
864509641253900288	3287298616
864509641253900288	862358527922372610
864509641253900288	713859345793024001
864509641253900288	45167867
864509641253900288	45167867
864509641253900288	852048133567782912
864509641253900288	832709000986636288
864509641253900288	817775743233093633
864509641253900288	3312028071
864509641253900288	793864198895890432
864509641253900288	554579731
864509641253900288	838580032729726976
864509641253900288	4831072762
864509641253900288	751141871594967040
864509641253900288	4379083877
864509641253900288	826892682844835840
864509641253900288	814088410247798785
864509641253900288	707790460153110528
864509641253900288	731319065155899393
864509641253900288	753048942129123328
864509641253900288	789603281395941376
864509641253900288	756928336056713216
864509641253900288	2301999949
864509641253900288	748611270191030272
864509641253900288	819980319839358976
864509641253900288	759562381227921408
864509641253900288	847244201100099584
864509641253900288	739138829572055041
864509641253900288	2418950010
864509641253900288	836638414493581312
864509641253900288	757267570609250304
864509641253900288	4856285181
864509641253900288	735152042772156416
864509641253900288	822415958019018753
864509641253900288	779291408024924161
864509641253900288	719315462081921024
864509641253900288	863865278375088129
864509641253900288	2482066193
864509641253900288	846913593903853570
864509641253900288	4901709863
864509641253900288	1730661474
864509641253900288	3091701955
864509641253900288	296602342
864509641253900288	859175083558006785
864509641253900288	3121428225
864509641253900288	831548684
864509641253900288	822846563512942594
864509641253900288	2825329750
864509641253900288	1566996007
864509641253900288	2750287487
864509641253900288	3644175982
864509641253900288	839944977341906945
864509641253900288	803567591692402688
864509641253900288	2867245817
864509641253900288	4860847954
864509641253900288	763191334232621056
864509641253900288	3349309941
864509641253900288	799979953399955456
864509641253900288	841452085140979712
864509641253900288	174496285
864509641253900288	1035889776
864509641253900288	130254688
864509641253900288	859197187594612737
864509641253900288	4090824220
864509641253900288	3293860561
864509641253900288	789207646410838016
864509641253900288	860287890684862464
864509641253900288	4839240189
864509641253900288	858849843887968258
864509641253900288	790874304292483072
864509641253900288	2979189213
864509641253900288	853686134530088964
864509641253900288	755621329198514176
864509641253900288	2873749775
864509641253900288	787000854855421953
864509641253900288	842856292125458435
864509641253900288	859879740408311812
864509641253900288	1321177399
864509641253900288	774821316671238144
864509641253900288	791747306810970113
864509641253900288	856657127426981888
864509641253900288	573915521
864509641253900288	737349919233740808
864509641253900288	700688684937519110
864509641253900288	4707669861
864509641253900288	850484392422146048
864509641253900288	900392538
864509641253900288	2830485004
864509641253900288	3300937360
864509641253900288	863867293935296513
864509641253900288	2996545551
864509641253900288	847627098248290307
864509641253900288	227493062
864509641253900288	3157332448
864509641253900288	2824372722
864509641253900288	2958444957
864509641253900288	1117833901
864509641253900288	2475442730
864509641253900288	1926481208
864509641253900288	320356985
864509641253900288	2984777390
864509641253900288	865555861
864509641253900288	144362419
864509641253900288	1216954788
864509641253900288	815355663568277504
864509641253900288	4647148173
864509641253900288	824074865112207360
864509641253900288	4765877150
864509641253900288	1109664109
864509641253900288	809955587740024832
864509641253900288	4267814152
864509641253900288	1262348850
864509641253900288	3787584497
864509641253900288	810587508392202240
864509641253900288	2284880902
864509641253900288	359059895
864509641253900288	715347519082008576
864509641253900288	824080858739081217
864509641253900288	710406954326368256
864509641253900288	2874508157
864509641253900288	822118638064959488
864509641253900288	848943673450647554
864509641253900288	598759958
864509641253900288	3234720795
864509641253900288	822514484275089408
864509641253900288	732250322303909890
864509641253900288	3382327457
864509641253900288	840072326569910272
864509641253900288	761762370788139009
864509641253900288	707539627368955905
864509641253900288	2964953625
864509641253900288	820119986605801472
864509641253900288	2767562050
864509641253900288	2863153331
864509641253900288	4375021240
864509641253900288	3282353853
864509641253900288	1837559882
864509641253900288	3377664849
864509641253900288	4324306576
864509641253900288	1921991498
864509641253900288	2319296426
864509641253900288	721004006030618624
864509641253900288	750370865523679233
864509641253900288	363252637
864509641253900288	823212069638045697
864509641253900288	830101309328072705
864509641253900288	819536922808881152
864509641253900288	805640133064134656
864509641253900288	826432219120033795
864509641253900288	827007973180440576
864509641253900288	819060846450081792
864509641253900288	1863275017
864509641253900288	732603494851567620
864509641253900288	3152958460
864509641253900288	1307661355
864509641253900288	826491171803377664
864509641253900288	729007000764428288
864509641253900288	846060178298621958
864509641253900288	856687980005773313
864509641253900288	863938845418692608
864509641253900288	863937514574426112
864509641253900288	809559010223489028
864509641253900288	831905164462141440
864509641253900288	4819003173
864509641253900288	863944916556292096
864509641253900288	727534283003449345
864509641253900288	607592395
864509641253900288	855497921281871872
864509641253900288	2861593871
864509641253900288	818879097527037953
864509641253900288	1561624105
864509641253900288	826955362410647552
864509641253900288	114591113
864509641253900288	783497918
864509641253900288	764537425490219008
864509641253900288	2792498816
864509641253900288	2934301781
864509641253900288	871078734
864509641253900288	846953222526898176
864509641253900288	4859008971
864509641253900288	806105386109517824
864509641253900288	2763539259
864509641253900288	755766967647305728
864509641253900288	859078173958524929
864509641253900288	4637004617
864509641253900288	792083484022112256
864509641253900288	4500438988
864509641253900288	826417400967024640
864509641253900288	717401916905496576
864509641253900288	2147851258
864509641253900288	858837382438768640
864509641253900288	732001930675912705
864509641253900288	859521186413334529
864509641253900288	4786257435
864509641253900288	378079364
864509641253900288	3351325875
864509641253900288	3054307833
864509641253900288	860298123922608128
864509641253900288	781427549981249537
864509641253900288	827569233907294210
864509641253900288	705219295165485057
864509641253900288	630389978
864509641253900288	860898169856643076
864509641253900288	950113164
864509641253900288	737088741869821952
864509641253900288	800199386479226880
864509641253900288	2377848883
864509641253900288	843399546050920448
864509641253900288	1252899858
864509641253900288	1157118307
864509641253900288	3258616319
864509641253900288	3225317554
864509641253900288	855218929966469121
864509641253900288	716631255400464385
864509641253900288	3866812035
864509641253900288	860294338915520512
864509641253900288	703541906
864509641253900288	3433666631
864509641253900288	609606574
864509641253900288	814215186357821441
864509641253900288	843307950567579648
864509641253900288	734452087157886977
864509641253900288	859138724789198849
864509641253900288	860569611259052032
864509641253900288	3976309577
864509641253900288	825078977907789825
864509641253900288	826928396412272641
864509641253900288	4236527243
864509641253900288	859123560090095617
864509641253900288	324344781
864509641253900288	2916478565
864509641253900288	3319843977
864509641253900288	3369429935
864509641253900288	769923924947767296
864509641253900288	819214664622084097
864509641253900288	858806429691543553
864509641253900288	860195608581349376
864509641253900288	723155468584017921
864509641253900288	844253543401951233
864509641253900288	859159471716782080
864509641253900288	857273303504965634
864509641253900288	799677255400099840
864509641253900288	859794944546013184
864509641253900288	3121330819
864509641253900288	2800930795
864509641253900288	851534020173324288
864509641253900288	856584071555710976
864509641253900288	3436826350
864509641253900288	2741928396
864509641253900288	862326507158556672
864509641253900288	3207475510
864509641253900288	819683185080627204
864509641253900288	4853926503
864509641253900288	4517382981
864509641253900288	842991472202960896
864509641253900288	1572741188
864509641253900288	840018559979929600
864509641253900288	767157741353783296
864509641253900288	565686744
864509641253900288	860977755818688513
864509641253900288	830782466348703746
864509641253900288	840949388193206272
864509641253900288	814902089071656960
864509641253900288	4573981157
864509641253900288	707351842485870592
864509641253900288	3022112861
864509641253900288	2820741857
864509641253900288	326944315
864509641253900288	3089803798
864509641253900288	811734728722280449
864509641253900288	2960751797
864509641253900288	808323129542053888
864509641253900288	811296725457661952
864509641253900288	697909124785381376
864509641253900288	3388461231
864509641253900288	804679719576895492
864509641253900288	2987633111
864509641253900288	712969878291017728
864509641253900288	739597842335956992
864509641253900288	2161721400
864509641253900288	324444220
864509641253900288	791468266929741826
864509641253900288	3068220934
864509641253900288	743612430522191872
864509641253900288	839942304047710211
864509641253900288	713420815
864509641253900288	2247131304
864509641253900288	161252778
864509641253900288	811685858118168576
864509641253900288	828478450231046145
864509641253900288	793209918094532610
864509641253900288	828988271451586561
864509641253900288	744568744047935488
864509641253900288	809938139515125760
864509641253900288	834169665576370177
864509641253900288	798984262041161728
864509641253900288	820126709311766529
864509641253900288	736024352685207553
864509641253900288	2426010959
864509641253900288	809237855004479488
864509641253900288	859478334811635712
864509641253900288	833365115793768449
864509641253900288	816716042525437952
864509641253900288	751244489931513856
864509641253900288	187192546
864509641253900288	4861613234
864509641253900288	276218448
864509641253900288	4839553023
864509641253900288	4188174256
864509641253900288	3437363721
864509641253900288	3371307334
864509641253900288	3289387479
864509641253900288	842402286
864509641253900288	3418383537
864509641253900288	859054809705574400
864509641253900288	775757199406723072
864509641253900288	3318363304
864509641253900288	819623632875978752
864509641253900288	827256776084987905
864509641253900288	858162958270124032
864509641253900288	2832781882
864509641253900288	708313925843034113
864509641253900288	764230296724238337
864509641253900288	839181968956862464
864509641253900288	819565865083502593
864509641253900288	2584301215
864509641253900288	833372564315598848
864509641253900288	776809891512086528
864509641253900288	4760093249
864509641253900288	741050093739085824
864509641253900288	2610104693
864509641253900288	829736469996658690
864509641253900288	4160419516
864509641253900288	1538897461
864509641253900288	3013394494
864509641253900288	835138388864995329
864509641253900288	859943745915158528
864509641253900288	863894910717620225
864509641253900288	4795397497
864509641253900288	2382347646
864509641253900288	830774450379452417
864509641253900288	3990479781
864509641253900288	3135170427
864509641253900288	856160466376286209
864509641253900288	2600213773
864509641253900288	1516664994
864509641253900288	2979752331
864509641253900288	816730303196758016
864509641253900288	1304849588
864509641253900288	800856308723412993
864509641253900288	4189456977
864509641253900288	859150151595773953
864509641253900288	859211952714862593
864509641253900288	769189548802838528
864509641253900288	859157538750812161
864509641253900288	3104822856
864509641253900288	3304753653
864509641253900288	841954339795177477
864509641253900288	802296672353218561
864509641253900288	736458433642287104
864509641253900288	2510631627
864509641253900288	809394769
864509641253900288	2170048914
864509641253900288	735116856604905472
864509641253900288	386775527
864509641253900288	779107536079360008
864509641253900288	769662928161234945
864509641253900288	859184461195431936
864509641253900288	848711153324830721
864509641253900288	818496822603907073
864509641253900288	732037012530864128
864509641253900288	2925046807
864509641253900288	838126225
864509641253900288	1058973734
864509641253900288	2236505837
864509641253900288	815952191781564416
864509641253900288	2992353568
864509641253900288	2539197094
864509641253900288	727549322041110529
864509641253900288	775012456926154752
864509641253900288	826891516761223169
864509641253900288	793227471210643456
864509641253900288	3149391609
864509641253900288	3020785582
864509641253900288	4344445113
864509641253900288	4777114996
864509641253900288	2210948587
864509641253900288	715941744643350528
864509641253900288	4851391063
864509641253900288	749777611967062016
864509641253900288	2848969744
864509641253900288	844639993586995205
864509641253900288	3296472303
864509641253900288	3301808225
864509641253900288	997992642
864509641253900288	757347962108379136
864509641253900288	2653609761
864509641253900288	854062601302626305
864509641253900288	737028356076646402
864509641253900288	708074780243709953
864509641253900288	4894923700
864509641253900288	359063954
864509641253900288	857271364767670272
864509641253900288	796813443533783040
864509641253900288	859138120545169408
864509641253900288	2928488141
864509641253900288	2993208040
864509641253900288	4354628674
864509641253900288	858057140208095236
864509641253900288	2735980230
864509641253900288	3364560813
864509641253900288	859144394729041920
864509641253900288	356220788
864509641253900288	807232599651454977
864509641253900288	830749143165501442
864509641253900288	4874269977
864509641253900288	827193946845675520
864509641253900288	858658698192867332
864509641253900288	2881862437
864509641253900288	2311034245
864509641253900288	859550487330381825
864509641253900288	822138426665340928
864509641253900288	817217702653726720
864509641253900288	843826343980810240
864509641253900288	3614567182
864509641253900288	3906617532
864509641253900288	859985968757125120
864509641253900288	2170680907
864509641253900288	856387985759232001
864509641253900288	766697692315746305
864509641253900288	3049782862
864509641253900288	844043506419220484
864509641253900288	147362426
864509641253900288	789833124293316608
864509641253900288	2266092159
864509641253900288	733282057355419648
864509641253900288	4864857244
864509641253900288	2892214569
864509641253900288	3064034559
864509641253900288	175935631
864509641253900288	746447277598842880
864509641253900288	814219746497429504
864509641253900288	4421650240
864509641253900288	772536565608378368
