3462669437	866307657967308803
823540911426727936	866307657967308803
829939262300778496	866307657967308803
625129596	866307657967308803
1691990058	866307657967308803
722437108804227076	866307657967308803
821775950551674883	866307657967308803
866254822768394240	866307657967308803
1692094622	866307657967308803
987705313	866307657967308803
804623999246270464	866307657967308803
240808119	866307657967308803
816914962367021057	866307657967308803
1855732825	866307657967308803
3059784009	866307657967308803
149213480	866307657967308803
866357624022945793	866307657967308803
844123303	866307657967308803
759607427729727488	866307657967308803
817194688511938560	866307657967308803
866376900670836738	866307657967308803
3242740953	866307657967308803
3294798547	866307657967308803
812642568383107072	866307657967308803
758769915860058112	866307657967308803
866307657967308803	725599416904622080
866307657967308803	240808119
866307657967308803	2807903941
866307657967308803	4402543287
866307657967308803	3932435233
866307657967308803	841736139488800769
866307657967308803	116853613
866307657967308803	804623999246270464
866307657967308803	3059784009
866307657967308803	859458584048021505
866307657967308803	763957612832358405
866307657967308803	3243603835
866307657967308803	1087591424
866307657967308803	844027357627387905
866307657967308803	859560300974047233
866307657967308803	866296981995630598
866307657967308803	4212156863
866307657967308803	766723477881716736
866307657967308803	860481273927802880
866307657967308803	817194688511938560
866307657967308803	828390166561746944
866307657967308803	816914962367021057
866307657967308803	762665195231731712
866307657967308803	859995689765548034
866307657967308803	866376900670836738
866307657967308803	866357624022945793
866307657967308803	1245167036
866307657967308803	3436854808
866307657967308803	807726872125698048
866307657967308803	4106732357
866307657967308803	1403234761
866307657967308803	797103720
866307657967308803	2308650890
866307657967308803	2894103424
866307657967308803	2805110807
866307657967308803	788930414685609984
866307657967308803	2735827830
866307657967308803	815601538311843843
866307657967308803	1430468900
866307657967308803	810606662230872064
866307657967308803	804218132298694656
866307657967308803	2960636980
866307657967308803	789199627413131265
866307657967308803	3325832728
866307657967308803	2292558807
866307657967308803	841012987238469632
866307657967308803	743836400043298817
866307657967308803	792531313928601600
866307657967308803	762851605058232320
866307657967308803	4646314883
866307657967308803	823540911426727936
866307657967308803	3196343717
866307657967308803	759607427729727488
866307657967308803	2320212925
866307657967308803	804422236274880513
866307657967308803	836002092703678466
866307657967308803	1129787664
866307657967308803	729164108881399808
866307657967308803	112044004
866307657967308803	396533968
866307657967308803	756545773286875137
866307657967308803	372241133
866307657967308803	3242740953
866307657967308803	813887509243510785
866307657967308803	1155580982
866307657967308803	301179801
866307657967308803	149213480
866307657967308803	749968013940629504
866307657967308803	2983960959
866307657967308803	1883909496
866307657967308803	722437108804227076
866307657967308803	1833856334
866307657967308803	625129596
866307657967308803	784994841889533952
866307657967308803	724125090431025152
866307657967308803	2620971789
866307657967308803	1909409461
866307657967308803	194122984
866307657967308803	3322053329
866307657967308803	2960272114
866307657967308803	814255880304783365
866307657967308803	752614324695277572
866307657967308803	3087453615
866307657967308803	4429687037
866307657967308803	737699815463735296
866307657967308803	4904898622
866307657967308803	770470850906693632
866307657967308803	1320809844
866307657967308803	1855732825
866307657967308803	110077140
866307657967308803	4054657162
866307657967308803	4837049790
866307657967308803	825725482519891970
866307657967308803	2354028950
866307657967308803	748382702018105344
866307657967308803	798586876743581696
866307657967308803	488627477
866307657967308803	485644743
866307657967308803	3024780721
866307657967308803	805556172325584896
866307657967308803	806558063603941378
866307657967308803	783796224847704065
866307657967308803	274757956
866307657967308803	2841372093
866307657967308803	3382576421
866307657967308803	2844415343
866307657967308803	754851968384983040
866307657967308803	2165801221
866307657967308803	971492821
866307657967308803	779762509599412226
866307657967308803	104879071
866307657967308803	2923961128
866307657967308803	805094479111798784
866307657967308803	754390030118977537
866307657967308803	2534418215
866307657967308803	3150249292
866307657967308803	50460475
866307657967308803	2664799452
866307657967308803	764309359438524417
866307657967308803	2416803492
866307657967308803	830416336736104449
866307657967308803	818576383999967233
866307657967308803	800880773037486081
866307657967308803	794556053253976064
866307657967308803	860696859228221440
866307657967308803	851225482469285888
866307657967308803	335141638
866307657967308803	814347310033436672
866307657967308803	812642568383107072
866307657967308803	973698530
866307657967308803	761712125962170368
866307657967308803	833720801719439360
866307657967308803	784979002486353926
866307657967308803	637313893
866307657967308803	758151600758292480
866307657967308803	844123303
866307657967308803	4624410556
866307657967308803	400969522
866307657967308803	154070583
866307657967308803	61373007
866307657967308803	810142160548982784
866307657967308803	3294798547
866307657967308803	855557112361091072
866307657967308803	765240196514344960
866307657967308803	2195754172
866307657967308803	860356163606646784
866307657967308803	700565740492034048
866307657967308803	801284143
866307657967308803	838192058988810240
866307657967308803	590407218
866307657967308803	3772500254
866307657967308803	741336207905435648
866307657967308803	1293234133
866307657967308803	223356885
866307657967308803	858545630200856577
866307657967308803	814288753846087680
866307657967308803	796725256820064256
866307657967308803	439014196
866307657967308803	767863553697218560
866307657967308803	801529694617305088
866307657967308803	739149820351393792
866307657967308803	136885994
866307657967308803	67235369
866307657967308803	717819625321267200
866307657967308803	821775950551674883
866307657967308803	1904239598
866307657967308803	120178497
866307657967308803	1691990058
866307657967308803	2270045737
866307657967308803	987705313
866307657967308803	2810451090
866307657967308803	847125099878780929
866307657967308803	3462669437
866307657967308803	1692094622
866307657967308803	2473246268
866307657967308803	1187125392
866307657967308803	860113634663571456
866307657967308803	829345040199741440
866307657967308803	758769915860058112
866307657967308803	21366823
866307657967308803	131264923
866307657967308803	152902472
866307657967308803	371557540
866307657967308803	376035328
