702442438	866623588077412357
745317143252635651	866623588077412357
3015031480	866623588077412357
866623588077412357	1635629952
866623588077412357	2995815958
866623588077412357	3015031480
866623588077412357	146889905
866623588077412357	1015764540
866623588077412357	1424774539
866623588077412357	596120209
866623588077412357	828695345555243009
866623588077412357	427364576
866623588077412357	816219743766122496
866623588077412357	702442438
866623588077412357	816951878369972224
866623588077412357	31685653
866623588077412357	64038747
866623588077412357	54236340
866623588077412357	258092886
866623588077412357	23042027
866623588077412357	43032508
866623588077412357	84109416
866623588077412357	105080832
866623588077412357	78035324
866623588077412357	32751684
866623588077412357	75749375
866623588077412357	186712788
866623588077412357	38175655
866623588077412357	83613107
866623588077412357	134657984
866623588077412357	239938617
866623588077412357	61507091
866623588077412357	55753842
866623588077412357	109213578
866623588077412357	130307120
866623588077412357	428258461
