814563528640184320	867103221084454912
1348235444	867103221084454912
867103221084454912	1409798257
867103221084454912	840000164223975427
867103221084454912	2756943211
867103221084454912	782600073238618112
867103221084454912	739290718624190464
867103221084454912	830123601730949121
867103221084454912	288024868
867103221084454912	835875079720435712
867103221084454912	838206407501557760
867103221084454912	1173787748
867103221084454912	2934423981
867103221084454912	1878450026
867103221084454912	116853613
867103221084454912	804021700404744192
867103221084454912	1348235444
867103221084454912	813924654062649344
867103221084454912	819729181084946433
867103221084454912	2875984279
867103221084454912	842530906007093249
867103221084454912	1599858176
867103221084454912	1656467454
867103221084454912	833202038569844736
867103221084454912	534948666
867103221084454912	274757956
867103221084454912	2862939883
867103221084454912	2996426696
867103221084454912	842391110022381568
867103221084454912	573299587
867103221084454912	832088980732588033
867103221084454912	772888928408010752
867103221084454912	840720127964393473
867103221084454912	814563528640184320
867103221084454912	563896498
867103221084454912	2391232105
867103221084454912	757060992530612225
867103221084454912	758497950054096896
867103221084454912	807537206646738944
867103221084454912	814288753846087680
867103221084454912	8775672
867103221084454912	834137045006241792
867103221084454912	335141638
867103221084454912	1429480158
867103221084454912	2155941920
867103221084454912	2278322060
867103221084454912	936126949
867103221084454912	3224631743
867103221084454912	2556172338
867103221084454912	750861560382382080
867103221084454912	831535561
867103221084454912	703067968624828416
867103221084454912	767382091700969472
867103221084454912	2787675899
867103221084454912	826270839716855809
867103221084454912	1862607446
867103221084454912	810681347597541376
867103221084454912	456968876
