735339399421001728
810932866771283968
3058399305
842567905900478466
860139150757986305
758123287373287424
796848010156244992
821175737390604288
2521511582
707392328894431232
2458950343
3426908830
760910564659003393
2652433585
798586876743581696
830921672286994437
840589517228785665
1178976920
1134719952
792051894369808384
593909024
825117037756297216
755871198014210049
829569951644135424
810511736075915264
719213388899987458
824384805777379331
823021401263263745
805637698325250052
2811152975
818288289283182592
806247628161896448
814572336347222016
104879071
2844415343
814230825529122816
4823372372
304774755
810902187895361536
804410358215622656
2886152530
792968712592719872
591428876
808022143518785536
806019207020314624
710131582779019264
3189669451
800466397360816128
3373429011
3534485952
383856958
783796224847704065
802740360896270336
1467024493
800449534534905856
775812698424479749
798697549188231168
757989728935378944
799056247857233921
713055713543716864
778374053216280576
4837204757
3359442591
508867997
3961171012
773709933359562752
4210149921
2886347841
773318453390286848
631924277
2921801049
733647061321580548
3131201751
4855492648
1219138616
849634634
712458172443787265
2327878909
114937107
4708415332
138130066
716273379955843074
726973247577681921
3177941121
739095966448390145
3396493389
3310896183
979239230
3584453115
3158801216
3915066921
4080909681
730543322859773953
3326378959
729857927901675521
711208542334689281
847383223294337024
184228142
864079808061362177
839132093661777920
816981127730601985
859153675465494528
860998377823248385
4891039797
2467528407
861952490769498112
727101368117252096
756517995825000448
865901095599706112
819064376170778624
1321757263
1415934126
865438044400230400
3339030605
752588646151139328
822881360889122817
819675116984561664
840793863358971905
809148804092006401
802594534354014209
730972158373990401
2226163010
767484330209927172
2605176207
1012477579
821775950551674883
631576731
795260516436353024
2820026014
852429607403888641
851167953081032705
829928673079808001
718844179871350785
859057572678176777
3019173355
3036159180
1115626868
859179490924277761
830239479554256898
781225653924311040
789216428863827968
848555658857242624
4254859222
787285807002480640
3939597502
856348386529771521
816456277446553600
831522280081612803
145163084
827530205430439937
3621795552
835651574454071296
859270238801543168
772827544206864384
849941839767494656
825985052987232256
772263012
843096157706424322
815912081228701697
708237313025953793
2855993760
858935623494889472
857331578225049600
2651429035
339422936
859087022245523456
818681569795776512
772275042168242176
765018715280637952
936126949
1485374137
823724654057635841
761910053745983489
138472865
858839786554933249
859068038594744321
857501636033249284
846729915378548736
854315306902323200
833680520961732609
3599133973
745435056374583296
812000326387638273
2806315993
821107838919606273
171224821
745606658576031744
779139905817550848
864509641253900288
809164779466194944
3904591259
859388193476628480
3319057562
810333311792975872
726737266580803584
4126665694
799003750878720000
835943686974353409
713121936155533315
825656313539600385
606412878
274757956
1297264633
814288753846087680
729014815990026240
813910434445201408
3345800079
789703809219989504
3312003871
774318807125024769
770706966469574657
800873948363816961
2230277538
2160347983
728403980955623424
75086091
750050533
755513171822120960
704862251300352000
824439296
3084399346
773316859605061632
738510737312735232
257304202
4855395940
1958572562
747629813213634562
747127336072515584
719008451372953600
708453965025964032
3171616313
3171926195
1500759469
730409763729768449
829960647970521088
3706019128
850688575544930304
859128715674046464
830997719158288384
866102374473117697
810073540523388928
723239428357906433
839369983121469440
3497115554
851405960748859394
827645771948363776
768594532090904576
2386673104
1219481226
597836691
4351190652
731138821404958720
859930566422130688
852425011499601920
719094854194581504
749439542550097920
859415503428890626
771902062854627328
3319163354
847468061732945921
855964207417761792
744877991906447360
546477077
554125101
739985545200316416
859090333384097792
820928836229623809
823371025245241344
830481050098872320
817439767608496128
4033949931
810885497677484032
2504098089
2465259339
843929293541556224
160744517
846098155015999488
825525438579486721
705883203320619008
865655492483227648
859096658239528961
3325832728
831211803430486019
822953476464504832
833016557945106432
3349572651
1626661802
813099370916827136
810850271953846272
1267740750
806237126132113409
2267820278
490570244
787537409785430017
754292767715721216
768123892443516928
771002059424354304
269525822
3249074011
746056417174503424
721775020196777984
4924914407
730164729486946304
867088924036010048
866420433536638977
35954417
823540911426727936
1387578217
788221665977270272
824653614396428289
3383849632
862885128862810112
848105836455108608
860292381106634752
859134530921299968
432812358
3961386492
137533205
4681542193
1149289692
2946777712
762135351037140992
1471138165
848507345197965312
780602709678301184
859162692665454592
2182539757
832286971418595329
822812745083011072
813468734828539904
774671985158881280
2664799452
797548507985051649
1939307646
715245582542049280
4804619792
3192720214
2961624640
3298132698
2177868799
859620306968875009
859227294681907200
818175833307131904
795278659192025088
1680057415
858706156448997376
839975597677854720
799713377002156032
824308402088275970
808442311764045825
3382576421
766423994346209280
4143829487
829939262300778496
787302134588977154
860606987700244484
820433198505230336
852953017469063170
797541528927346688
842467191731720195
3908703974
2606541002
2154182889
766864776467099648
769176023669678081
865923707113324544
858817198076428288
783548271264489472
1453164746
